0.5573 0.8702 1 3
0.5573 1.7142 2 3
1.5835 1.9512 1 4
0.5573 2.0251 3 3
1.7509 2.0564 1 2
1.5835 2.3462 2 4
1.7509 2.3671 2 2
1.5835 2.7290 3 4
1.5835 3.0375 4 4
3.6893 4.0844 1 4
3.6893 4.4679 2 4
3.6893 4.7939 3 4
3.6893 5.2060 4 4
5.0349 5.5477 1 2
5.0349 5.8517 2 2
8.3804 8.7526 1 1
8.6544 9.0867 1 1
8.8556 9.1842 1 2
8.8556 9.5207 2 2
9.6162 10.0200 1 1
10.1431 10.5374 1 2
9.9785 10.5907 1 2
10.6082 10.9540 1 1
10.1431 10.9892 2 2
9.9785 11.0947 2 2
12.2360 12.6492 1 2
12.2360 13.0142 2 2
12.9562 13.2766 1 2
13.0081 13.3948 1 1
13.2127 13.5573 1 1
12.9562 13.7144 2 2
16.0837 16.7233 1 1
18.0326 18.3346 1 1
18.1377 18.4754 1 3
18.1377 18.7810 2 3
18.7831 19.2211 1 1
18.1377 19.2536 3 3
19.4523 19.7925 1 2
19.4523 20.2190 2 2
21.7523 22.1035 1 1
22.8511 23.3174 1 1
23.6029 23.9654 1 3
23.8236 24.1519 1 2
23.6029 24.3196 2 3
23.8236 24.4642 2 2
23.6029 25.0235 3 3
25.5851 25.9799 1 1
28.2276 29.1188 1 1
31.0118 31.3598 1 1
31.2236 31.5297 1 1
31.6017 31.9432 1 2
31.9317 32.2487 1 1
31.6017 32.3172 2 2
32.4378 32.8573 1 1
34.8270 35.1890 1 3
33.2333 35.2495 1 1
34.8270 35.5330 2 3
34.8270 35.8851 3 3
39.0213 39.3330 1 4
39.2724 39.6926 1 1
39.0213 39.9200 2 4
39.0213 40.2746 3 4
39.0213 40.6243 4 4
40.8800 41.2400 1 2
40.8800 41.6559 2 2
42.3398 42.6458 1 1
42.4269 42.9342 1 1
42.5544 43.2790 1 2
42.5544 43.6950 2 2
43.7497 44.1498 1 4
44.1525 44.4655 1 2
43.6822 44.4705 1 3
43.7497 44.5437 2 4
43.6822 44.7863 2 3
44.1525 44.8159 2 2
43.7497 44.8959 3 4
43.6822 45.1537 3 3
43.7497 45.2372 4 4
45.2926 45.6097 1 1
46.0345 46.4885 1 2
46.0345 46.8112 2 2
47.2567 47.5624 1 1
48.1883 48.5740 1 2
48.1883 48.9720 2 2
48.9599 49.5300 1 1
49.5591 49.9516 1 2
49.6682 50.1667 1 1
49.5591 50.2941 2 2
50.6369 51.0194 1 1
51.3649 51.6728 1 3
51.6992 52.0504 1 1
51.3649 52.0621 2 3
51.3649 52.6945 3 3
53.1749 53.5097 1 2
53.2554 53.5712 1 1
53.4345 53.7926 1 1
53.1749 53.8246 2 2
55.3676 55.7657 1 1
57.6254 57.9334 1 1
57.8610 58.5821 1 3
57.8610 59.0478 2 3
58.7618 59.2822 1 1
57.8610 59.4431 3 3
61.3474 61.6553 1 4
61.4669 61.9509 1 2
61.3474 62.0226 2 4
61.4669 62.2829 2 2
61.3474 62.4320 3 4
62.0263 62.7524 1 1
61.3474 62.9526 4 4
64.2824 64.5951 1 2
64.2824 65.1698 2 2
65.2262 65.6738 1 2
64.9627 65.8691 1 2
65.2262 65.9777 2 2
65.6293 65.9822 1 1
64.9627 66.1880 2 2
66.0876 66.4641 1 1
67.3907 67.7843 1 3
67.3907 68.4924 2 3
67.3907 68.9175 3 3
71.0885 71.4568 1 3
71.4304 71.7325 1 3
71.0885 71.9606 2 3
71.8510 72.2931 1 2
71.8127 72.3205 1 1
71.8510 72.6067 2 2
71.4304 72.7950 2 3
72.6158 72.9753 1 1
71.0885 73.0881 3 3
71.4304 73.1036 3 3
72.9301 73.3896 1 1
73.2493 73.5978 1 1
73.9112 74.2165 1 2
73.9112 74.6158 2 2
74.2394 74.8601 1 1
75.8306 76.1795 1 1
77.1418 77.4656 1 3
77.1418 77.8257 2 3
77.1418 78.1304 3 3
78.1798 78.6929 1 1
79.0243 79.5428 1 1
80.7765 81.1723 1 1
80.9883 81.3321 1 3
80.9883 81.8280 2 3
80.9883 82.2143 3 3
81.8647 82.3492 1 1
81.8461 82.3642 1 2
82.1399 82.6133 1 3
82.3513 82.7340 1 3
81.8461 82.7740 2 2
82.1399 82.9679 2 3
82.3513 83.1351 2 3
82.8961 83.3040 1 1
83.0696 83.5261 1 2
83.1938 83.6098 1 2
82.1399 83.7754 3 3
83.0696 83.8458 2 2
83.1938 84.0106 2 2
82.3513 84.0997 3 3
85.6484 86.1193 1 2
85.6484 86.4974 2 2
86.7393 87.0645 1 1
87.6663 88.0892 1 3
87.9642 88.2814 1 2
87.6663 88.3971 2 3
87.9642 88.6012 2 2
87.6663 88.7571 3 3
90.1759 90.4979 1 1
91.3431 91.6926 1 1
91.7858 92.0907 1 1
94.3385 94.6900 1 1
96.0955 96.4709 1 2
96.1924 96.5413 1 1
96.0955 96.8396 2 2
98.4643 98.7794 1 2
98.4542 98.9852 1 1
98.4643 99.1533 2 2
99.5252 99.8313 1 1
99.6920 99.9990 1 4
99.6920 100.3907 2 4
99.6920 100.7801 3 4
100.9640 101.3512 1 1
99.6920 101.3591 4 4
101.5477 101.8525 1 1
101.2446 102.0636 1 1
102.9576 103.2674 1 1
105.0471 105.3514 1 1
105.9764 106.2963 1 2
105.9764 106.6790 2 2
106.4221 106.8370 1 4
106.7055 107.0404 1 1
106.4221 107.1414 2 4
107.2954 107.6030 1 2
106.4221 107.8881 3 4
107.2954 107.9210 2 2
106.4221 108.4223 4 4
108.4543 108.7673 1 2
108.4543 109.0799 2 2
109.2498 109.6268 1 3
109.2498 109.9544 2 3
109.2498 110.2990 3 3
109.9872 111.2333 1 1
111.2643 111.6944 1 1
111.5044 111.8192 1 2
111.2893 112.0496 1 1
111.5044 112.1679 2 2
115.1160 115.5023 1 3
115.1160 115.8099 2 3
115.6557 116.0801 1 1
115.1160 116.1103 3 3
118.1692 118.5826 1 1
121.7461 122.1000 1 3
121.7461 122.4702 2 3
121.7461 122.8250 3 3
124.0067 124.3090 1 3
124.0067 124.6499 2 3
124.5027 124.8126 1 4
124.0067 124.9687 3 3
124.9419 125.2796 1 2
124.5027 125.6130 2 4
124.9419 125.6303 2 2
124.5027 126.0122 3 4
125.7478 126.0742 1 1
124.5027 126.4632 4 4
127.1440 127.4537 1 2
127.2550 127.7491 1 2
127.1440 127.7728 2 2
127.2550 128.1764 2 2
132.3090 132.6932 1 1
133.0273 133.3942 1 2
133.0273 134.0612 2 2
134.5913 134.8985 1 2
134.5913 135.2310 2 2
135.9438 136.2870 1 1
136.3037 136.7869 1 2
136.3037 138.1718 2 2
138.2015 138.5285 1 2
138.2015 139.1021 2 2
141.0277 141.5503 1 4
141.0277 141.8751 2 4
141.0277 142.2269 3 4
141.0277 142.5806 4 4
141.7737 142.7656 1 1
142.9701 143.2894 1 1
144.7444 145.2398 1 2
144.7444 145.5804 2 2
145.2235 145.6756 1 1
145.3260 145.6817 1 2
145.3260 146.0747 2 2
145.3658 146.1049 1 2
145.3658 146.6043 2 2
146.1956 146.7584 1 1
147.1054 147.4112 1 2
147.1418 147.4563 1 2
147.1418 147.8112 2 2
147.1054 147.8447 2 2
147.6534 148.0381 1 1
148.3774 148.7299 1 3
148.6529 148.9668 1 3
148.7509 149.0645 1 2
148.3774 149.1071 2 3
148.7509 149.3812 2 2
148.6529 149.3933 2 3
148.6529 149.7445 3 3
149.4802 150.2418 1 2
149.4802 150.8231 2 2
148.3774 150.8676 3 3
150.5744 151.2046 1 1
155.1727 155.5966 1 2
155.5325 155.8878 1 2
155.1727 155.9655 2 2
154.7543 156.0869 1 3
155.6186 156.2854 1 3
155.5325 156.3100 2 2
154.7543 156.4097 2 3
155.6186 156.6775 2 3
154.7543 156.7538 3 3
155.6186 156.9945 3 3
158.7614 159.1276 1 1
160.1291 160.5151 1 3
160.3284 160.7867 1 1
160.1291 160.9057 2 3
160.6127 160.9151 1 1
160.1291 161.2286 3 3
161.9676 162.3116 1 1
162.3311 162.8127 1 4
162.3311 163.2016 2 4
162.3311 163.5313 3 4
162.3311 163.9661 4 4
163.9070 164.2968 1 3
163.9070 164.7900 2 3
163.9070 165.2444 3 3
164.9304 165.3331 1 2
165.2292 165.5429 1 2
164.9304 165.7029 2 2
165.2292 165.8727 2 2
166.6965 167.0520 1 2
166.8141 167.1899 1 3
166.8541 167.2258 1 1
166.6965 167.4512 2 2
166.8141 167.5236 2 3
166.8141 167.8242 3 3
168.2568 168.5900 1 1
168.3662 168.8203 1 1
169.0505 169.3528 1 2
169.0505 169.7477 2 2
169.6144 170.3427 1 2
169.6144 170.6613 2 2
170.6650 170.9741 1 1
170.6139 170.9801 1 1
171.6865 172.0943 1 3
171.6865 172.4795 2 3
171.6865 172.8328 3 3
173.7629 174.1406 1 1
173.9597 174.5693 1 2
173.9597 174.8905 2 2
174.9539 175.2561 1 4
174.9539 175.8127 2 4
175.7968 176.1953 1 1
174.9539 176.2053 3 4
174.9539 176.8044 4 4
176.8022 177.3064 1 1
177.8766 178.2341 1 2
177.8766 178.6967 2 2
178.7119 179.3554 1 3
179.2846 179.6154 1 2
178.7119 179.7465 2 3
179.2846 179.9369 2 2
178.7119 180.0658 3 3
182.0629 182.3907 1 4
182.1345 182.4914 1 1
182.1524 182.5568 1 2
182.0629 182.7270 2 4
182.1524 182.8649 2 2
182.0629 183.1134 3 4
182.0629 183.5092 4 4
183.2696 183.5784 1 2
183.2696 183.8966 2 2
183.6411 184.0179 1 3
183.6682 184.0202 1 1
183.6411 184.3414 2 3
184.0468 184.5524 1 3
183.6411 184.6743 3 3
184.0468 184.8538 2 3
184.0468 185.2700 3 3
185.2138 185.6376 1 2
185.2138 186.1326 2 2
187.5221 188.2195 1 1
189.3520 189.6539 1 1
189.5506 189.8667 1 3
189.5506 190.4583 2 3
189.5506 190.8217 3 3
191.4060 191.7950 1 1
192.0367 192.4582 1 1
193.5922 194.0201 1 1
196.3451 197.0393 1 3
196.9918 197.3253 1 2
196.9918 197.9068 2 2
196.3451 198.8727 2 3
198.5769 198.8817 1 2
198.5769 199.2073 2 2
196.3451 199.3193 3 3
200.8460 201.4571 1 1
202.7201 203.0491 1 2
202.7201 203.3734 2 2
205.0377 205.3520 1 2
205.0491 205.4217 1 3
205.1606 205.6280 1 3
205.0491 205.8479 2 3
205.0377 205.9055 2 2
205.1606 206.0967 2 3
205.0491 206.1746 3 3
205.1606 206.4339 3 3
208.2352 208.5891 1 1
209.2371 209.5600 1 2
209.8917 210.3066 1 1
209.2371 210.5294 2 2
210.2981 211.0013 1 2
210.2981 211.3372 2 2
211.8472 212.3300 1 1
213.6214 214.0936 1 1
214.2841 214.7174 1 1
215.0526 215.9128 1 2
215.0526 216.2636 2 2
217.3594 217.6728 1 1
217.4880 217.9129 1 2
217.4880 218.3643 2 2
218.8985 219.2905 1 1
219.0155 219.3380 1 1
220.1864 220.5600 1 2
220.1864 220.8973 2 2
221.8552 222.2123 1 1
221.9500 222.3648 1 1
226.1368 226.5967 1 2
226.1368 226.9225 2 2
226.6178 226.9708 1 1
229.9813 230.3122 1 1
231.6393 231.9608 1 1
231.7299 232.2138 1 3
231.7299 232.8488 2 3
232.6574 233.1208 1 2
231.7299 233.1954 3 3
232.6574 233.7311 2 2
235.1460 235.6844 1 2
235.1460 236.0039 2 2
235.8085 236.6064 1 2
236.4109 236.7524 1 1
236.5328 236.8389 1 1
235.8085 236.9541 2 2
237.5572 237.9266 1 2
237.5572 238.2377 2 2
238.5443 238.8723 1 1
239.0980 239.4360 1 1
241.1639 241.6670 1 1
244.4771 245.0524 1 1
247.8146 248.1504 1 4
247.8146 248.7033 2 4
247.8146 249.2545 3 4
247.8146 249.7260 4 4
249.9442 250.2595 1 1
255.2749 255.7076 1 2
255.2749 256.4503 2 2
256.0558 256.4852 1 1
256.9298 257.2701 1 4
256.9298 257.6428 2 4
256.9298 258.0577 3 4
256.9298 258.4327 4 4
258.2382 258.5504 1 1
259.2832 259.6204 1 1
261.8031 262.3011 1 2
262.1201 262.4342 1 2
261.8031 262.8574 2 2
262.1201 263.2111 2 2
264.7184 265.0582 1 1
265.7428 266.1639 1 1
265.9545 266.4182 1 1
266.4167 266.9224 1 1
266.5048 267.2506 1 1
271.5666 271.9039 1 1
272.4237 272.9764 1 1
274.1442 274.4578 1 1
274.3417 274.7811 1 2
274.3417 275.2392 2 2
276.3586 276.7860 1 4
276.3586 277.1145 2 4
276.3586 277.6863 3 4
276.3586 278.0041 4 4
277.8795 278.1848 1 2
277.8795 278.6301 2 2
278.4731 278.8402 1 1
280.8544 281.2033 1 4
280.8287 281.3704 1 1
280.8544 281.5211 2 4
280.8544 282.0493 3 4
280.8544 282.4341 4 4
282.5837 282.9040 1 1
282.7768 283.2236 1 1
283.3000 283.6752 1 2
283.3000 284.0760 2 2
285.4792 285.8431 1 2
285.4792 286.3637 2 2
286.2060 286.7275 1 2
286.5409 286.8515 1 1
286.2060 287.1689 2 2
288.4681 288.9988 1 1
297.8109 298.2355 1 4
297.8109 298.6712 2 4
297.8109 299.0166 3 4
298.7730 299.2223 1 1
297.8109 299.5975 4 4
302.0537 302.3652 1 2
302.0537 302.7185 2 2
302.3811 302.9730 1 2
302.3811 303.2776 2 2
302.5273 303.3569 1 2
302.5273 303.7848 2 2
303.6238 304.0336 1 1
304.7425 305.0736 1 1
305.2289 305.5569 1 2
305.2289 306.2875 2 2
306.3167 306.6518 1 3
306.3167 307.1303 2 3
306.3167 307.4810 3 3
307.9055 308.2199 1 3
307.9055 308.5209 2 3
307.9055 308.9044 3 3
309.9581 310.9176 1 1
310.8480 311.1944 1 1
311.4465 311.7909 1 3
311.4751 311.8349 1 2
311.4465 312.1331 2 3
311.4751 312.4167 2 2
311.4465 312.5106 3 3
312.5689 312.9428 1 3
312.8509 313.1791 1 2
312.5689 313.3172 2 3
312.8509 313.4863 2 2
312.5689 313.6314 3 3
312.8365 313.9032 1 1
313.7720 314.1935 1 2
313.7720 314.5915 2 2
314.3722 314.7269 1 2
314.3722 315.0830 2 2
314.8709 315.3559 1 1
316.5122 316.8334 1 1
317.5284 318.0413 1 2
317.5284 318.4573 2 2
320.9773 321.3328 1 1
323.5497 323.9130 1 1
323.8684 324.1976 1 4
323.8684 324.6615 2 4
323.8684 325.0371 3 4
323.8684 325.3756 4 4
328.0135 328.4117 1 1
328.7411 329.0835 1 1
328.8747 329.1800 1 2
329.0362 329.4389 1 4
328.8747 329.5022 2 2
329.0362 329.7631 2 4
329.0362 330.0631 3 4
328.4389 330.0899 1 3
328.4389 330.4485 2 3
330.0429 330.5789 1 1
329.0362 330.7113 4 4
330.4641 331.0372 1 1
328.4389 331.1109 3 3
331.2113 331.5290 1 1
331.4210 331.7333 1 1
331.4625 331.7692 1 2
331.4625 332.2178 2 2
331.8780 332.2535 1 1
331.7859 332.4710 1 3
332.4825 332.8255 1 1
331.7859 332.8287 2 3
331.7859 333.1408 3 3
332.9350 333.2825 1 1
334.1892 334.5955 1 2
334.1892 335.0414 2 2
335.7303 336.0415 1 1
335.8241 336.1275 1 2
335.8241 337.6381 2 2
338.7606 339.0865 1 2
338.7606 339.3918 2 2
339.0733 339.3937 1 2
339.0733 339.6975 2 2
340.6480 340.9985 1 1
340.8815 341.3794 1 2
340.8815 341.7212 2 2
341.5694 341.9298 1 1
342.0743 342.5008 1 1
343.5330 343.9077 1 3
343.8119 344.1129 1 2
343.5330 344.4640 2 3
343.8119 344.5931 2 2
343.5330 345.0263 3 3
346.3374 346.7012 1 1
347.7299 348.0986 1 1
347.1513 348.3737 1 1
348.5091 348.9745 1 1
348.0289 349.1915 1 1
348.8803 349.2083 1 1
349.2771 349.6591 1 1
351.4416 352.8053 1 2
352.6817 352.9915 1 2
351.4416 353.3569 2 2
352.6817 353.4315 2 2
353.4667 353.8092 1 2
353.4667 354.1099 2 2
354.2144 354.5669 1 1
355.7050 356.0312 1 4
355.8487 356.1487 1 3
355.8487 356.4853 2 3
355.7050 356.5429 2 4
356.3077 356.6337 1 3
355.8487 356.8123 3 3
355.7050 356.8840 3 4
356.3077 356.9404 2 3
356.3077 357.2604 3 3
355.7050 357.4036 4 4
357.2410 357.6275 1 3
357.2410 357.9616 2 3
357.2410 358.3168 3 3
361.6963 362.0441 1 3
361.9926 362.3635 1 2
362.1542 362.4650 1 1
361.6963 362.6200 2 3
361.9926 362.8050 2 2
362.6645 363.1400 1 2
362.3308 363.1456 1 2
361.6963 363.2466 3 3
362.3308 363.4515 2 2
362.6645 363.4751 2 2
364.9153 365.2538 1 2
364.9153 365.5711 2 2
365.6358 366.1195 1 2
365.6358 366.4320 2 2
369.8664 370.2774 1 1
370.3618 370.6745 1 1
372.7300 373.0370 1 3
373.0713 373.5851 1 2
372.7300 373.6724 2 3
373.0713 373.9687 2 2
372.7300 373.9928 3 3
374.1655 374.4732 1 2
374.1655 375.2663 2 2
375.1182 375.4460 1 1
375.7095 376.0273 1 3
375.4749 376.0290 1 1
375.7095 376.5746 2 3
376.2785 376.6539 1 2
375.7095 376.8758 3 3
376.2785 377.1284 2 2
376.5758 377.2799 1 2
376.5758 377.9148 2 2
377.4975 378.0099 1 1
378.3842 378.9791 1 2
378.3842 379.3007 2 2
379.0316 379.3646 1 1
379.0889 379.4226 1 2
379.2376 379.6514 1 1
379.0889 379.7704 2 2
383.6780 384.0616 1 1
385.3823 385.6990 1 2
385.3823 386.1322 2 2
386.5384 386.8561 1 3
386.5384 387.1931 2 3
386.5384 387.5664 3 3
387.5622 388.0556 1 1
388.1259 388.5827 1 3
388.1259 388.9975 2 3
388.1259 389.3138 3 3
390.8658 391.2500 1 1
394.7133 395.0220 1 1
395.9990 396.3469 1 1
396.2336 396.5880 1 1
397.5387 397.8426 1 2
397.5387 398.1741 2 2
399.5424 400.3367 1 1
401.2802 401.6238 1 3
401.1018 401.8851 1 1
401.2802 401.9280 2 3
401.2802 402.2470 3 3
402.9468 403.2973 1 1
403.7672 404.5220 1 2
403.7672 404.8366 2 2
405.9384 406.4092 1 1
407.7079 408.0189 1 2
408.2068 408.5554 1 1
407.7079 409.0585 2 2
408.5869 409.0652 1 1
409.3747 409.7167 1 1
411.6850 412.0935 1 1
412.5016 412.8223 1 1
413.6424 413.9575 1 2
413.6424 414.6731 2 2
416.3905 417.0451 1 3
416.8388 417.3415 1 3
416.3905 417.6389 2 3
416.8388 417.6483 2 3
416.8388 417.9890 3 3
416.3905 418.0466 3 3
418.3921 418.7296 1 2
418.3921 419.1409 2 2
419.2288 419.5730 1 1
421.0352 421.3507 1 1
421.4036 421.8020 1 1
422.7783 423.2861 1 1
423.5865 423.9353 1 2
423.5865 424.2489 2 2
425.9549 426.2762 1 2
425.9549 426.6027 2 2
427.7307 428.0660 1 1
429.5600 429.9738 1 1
430.0563 430.4561 1 3
430.2414 430.7577 1 2
430.0563 430.8914 2 3
430.2414 431.0799 2 2
430.0563 431.2367 3 3
431.5282 431.8938 1 1
432.6772 433.1740 1 3
432.6772 433.4932 2 3
432.6772 433.8043 3 3
433.5496 434.1372 1 4
433.9780 434.4106 1 1
433.5496 434.4793 2 4
433.5496 434.9092 3 4
433.5496 435.2117 4 4
436.3525 436.6903 1 1
436.9101 437.2156 1 2
436.9101 437.6181 2 2
440.0290 440.3559 1 3
440.0290 440.7055 2 3
440.0290 441.0135 3 3
440.8995 441.2148 1 3
440.8995 441.5498 2 3
440.8995 441.8588 3 3
441.9112 442.5497 1 1
443.8739 444.1745 1 1
444.8495 445.2184 1 2
444.8495 445.5309 2 2
447.7025 448.0391 1 2
447.8876 448.2046 1 1
447.7025 448.7161 2 2
448.9020 449.7637 1 3
448.9020 450.0861 2 3
448.9020 450.5440 3 3
450.3032 450.6874 1 2
450.3032 451.2763 2 2
453.3481 453.7342 1 3
453.4752 453.7927 1 3
453.3481 454.1152 2 3
453.3481 454.4363 3 3
453.4752 454.4445 2 3
453.4752 454.7841 3 3
455.6370 455.9839 1 2
455.6370 456.4524 2 2
458.1216 458.4630 1 1
458.9678 459.7430 1 2
459.5231 459.9218 1 1
458.9678 460.1989 2 2
459.9216 460.2510 1 1
459.9163 460.4996 1 2
459.9163 460.8044 2 2
460.4442 460.8090 1 2
460.4442 461.1341 2 2
463.1643 463.6235 1 1
463.6042 464.2627 1 1
464.2815 464.6379 1 1
464.8858 465.2277 1 1
465.0766 465.9071 1 2
465.6567 466.0267 1 2
465.0766 466.2677 2 2
465.6567 466.3702 2 2
466.1821 466.8177 1 2
466.1821 467.2080 2 2
467.2705 467.7404 1 1
468.3087 468.8143 1 1
471.5297 471.8716 1 1
472.0574 472.4157 1 1
477.6541 478.1951 1 3
477.6541 478.5405 2 3
477.6541 479.0320 3 3
478.6216 479.3481 1 1
479.9606 480.3676 1 1
482.2436 482.7016 1 1
482.4549 482.9550 1 1
483.1410 483.4460 1 2
483.0673 483.6046 1 2
483.1410 483.7983 2 2
483.0673 483.9556 2 2
483.8260 484.2517 1 1
484.4505 484.8122 1 1
485.3078 485.7699 1 1
485.5060 485.8504 1 1
488.8791 489.2901 1 1
489.2071 489.5271 1 4
489.2071 489.9894 2 4
489.7867 490.1209 1 2
489.9491 490.3177 1 2
489.2071 490.3733 3 4
489.7867 490.5828 2 2
489.9491 490.6414 2 2
489.2071 490.6954 4 4
491.3940 491.8382 1 1
491.1540 492.0274 1 1
492.6189 492.9858 1 2
492.8431 493.2217 1 2
492.5139 493.3167 1 2
493.1438 493.5502 1 1
492.6189 493.5980 2 2
492.8431 493.7571 2 2
492.5139 493.9073 2 2
493.4151 493.9590 1 2
493.4151 494.2716 2 2
495.5864 495.9088 1 1
496.1671 496.4672 1 3
496.4215 496.7487 1 2
496.1671 496.7710 2 3
496.4215 497.1702 2 2
496.1671 497.7500 3 3
498.8179 499.1339 1 1
498.7327 499.2636 1 2
498.8447 499.2954 1 2
498.7327 499.6488 2 2
498.8447 499.6950 2 2
499.7135 500.1658 1 1
502.0573 502.5320 1 1
503.0190 503.4106 1 2
502.5359 503.4910 1 1
503.0190 503.7525 2 2
503.3593 503.7752 1 1
503.9377 504.2444 1 1
504.5572 505.1683 1 3
504.5572 505.4805 2 3
504.5572 505.8201 3 3
507.5817 508.0907 1 1
507.7525 508.1511 1 2
507.7525 508.5019 2 2
508.5254 508.8919 1 1
510.4196 510.7612 1 2
510.3957 510.9437 1 1
510.4196 511.3283 2 2
511.2105 511.5192 1 1
511.5387 512.0181 1 1
513.3097 513.8497 1 2
513.3097 514.1691 2 2
514.1928 514.5505 1 2
514.1928 514.8679 2 2
514.5078 514.9479 1 2
514.5078 515.3291 2 2
516.8526 517.2637 1 1
517.6929 518.0141 1 1
518.5129 518.8361 1 2
518.5129 519.1401 2 2
520.4690 520.8077 1 2
520.4800 521.0321 1 3
520.4690 521.1954 2 2
520.4800 521.4550 2 3
520.4800 521.8137 3 3
522.7426 523.5232 1 3
522.7426 523.9694 2 3
523.7959 524.1751 1 3
523.7959 524.5046 2 3
522.7426 524.6586 3 3
523.7959 524.8097 3 3
524.9911 525.4407 1 1
527.4288 527.7412 1 1
527.9359 528.2717 1 2
527.9875 528.3765 1 1
527.9359 528.6521 2 2
529.3130 529.7126 1 1
530.2092 530.5267 1 3
530.2092 530.8750 2 3
530.2092 531.2800 3 3
530.7064 531.6022 1 3
531.1542 531.6241 1 1
531.5494 531.9463 1 1
530.7064 532.0526 2 3
532.2504 532.5711 1 1
530.7064 532.7201 3 3
535.3099 535.7328 1 3
535.5819 535.9521 1 3
535.3099 536.1398 2 3
535.8731 536.2503 1 1
535.9308 536.2735 1 1
535.5819 536.5193 2 3
535.3099 536.6506 3 3
535.5819 536.8600 3 3
536.9010 537.4011 1 3
536.9010 537.7210 2 3
536.9010 538.0294 3 3
538.4180 538.7768 1 1
538.4942 538.9138 1 2
538.4942 539.2729 2 2
539.2625 539.5945 1 4
539.2625 539.9818 2 4
539.2625 540.3245 3 4
539.8980 540.5655 1 1
539.2625 541.0222 4 4
541.6225 541.9956 1 2
541.6225 542.3352 2 2
542.9750 543.4305 1 1
543.8803 544.1838 1 1
543.9798 544.3466 1 3
544.1516 544.4528 1 1
543.9798 544.6877 2 3
544.8461 545.2319 1 4
543.9798 545.3496 3 3
544.8461 545.6893 2 4
544.8461 546.0584 3 4
544.8461 546.3669 4 4
545.6221 546.5439 1 2
545.6221 546.9207 2 2
547.1472 547.5512 1 1
548.3748 548.7012 1 1
550.4832 550.8520 1 1
551.1617 551.5192 1 1
555.5686 555.8760 1 1
555.6159 555.9266 1 1
558.5147 559.0440 1 1
559.3480 559.6748 1 2
559.3883 559.7620 1 2
559.3480 559.9958 2 2
559.7820 560.0881 1 2
559.3883 560.2361 2 2
559.7820 560.4806 2 2
563.9257 564.2378 1 1
564.6807 564.9842 1 1
566.8304 567.1356 1 2
566.8304 567.6615 2 2
568.6417 568.9537 1 1
569.5113 569.8157 1 1
569.6404 569.9996 1 3
569.6404 570.5357 2 3
569.6404 570.8656 3 3
570.7943 571.1503 1 2
570.7943 571.4541 2 2
572.1241 572.4856 1 2
572.1241 572.8783 2 2
572.4898 572.8806 1 1
574.1763 574.5167 1 2
574.1763 574.8544 2 2
575.1848 575.4956 1 2
575.1848 575.8416 2 2
576.2952 576.6052 1 2
576.3449 576.9059 1 3
576.2952 577.0779 2 2
576.3200 577.1853 1 2
576.3449 577.3056 2 3
577.2165 577.5497 1 2
576.3449 577.7431 3 3
577.2165 577.9593 2 2
576.3200 578.0834 2 2
579.0976 579.4604 1 1
579.6103 579.9788 1 2
579.6103 580.4460 2 2
580.1924 580.5251 1 2
580.1924 580.8632 2 2
581.2432 581.9162 1 2
581.2432 582.2217 2 2
586.0363 586.4056 1 1
586.6489 587.2919 1 1
588.0539 588.4566 1 3
588.1717 588.5138 1 2
588.0539 588.8407 2 3
588.5219 588.9095 1 3
588.1717 589.0589 2 2
588.7934 589.1422 1 2
588.8107 589.2573 1 2
588.5219 589.4350 2 3
588.8107 589.6577 2 2
588.0539 589.7632 3 3
589.4721 589.9656 1 2
588.7934 589.9877 2 2
588.5219 590.0732 3 3
589.4721 590.3952 2 2
590.6575 591.3543 1 3
590.6575 591.7464 2 3
590.6575 592.0593 3 3
593.6581 594.0520 1 2
593.7645 594.1177 1 2
593.6581 594.5245 2 2
593.7645 594.6993 2 2
595.9816 596.3976 1 1
596.9218 597.3289 1 2
596.7215 597.3361 1 1
597.2342 597.5711 1 1
596.9218 597.6424 2 2
598.4656 598.7875 1 1
599.2523 599.8864 1 1
599.4475 599.9163 1 1
599.6543 600.0811 1 1
600.1436 600.4791 1 1
603.4946 603.8143 1 3
603.4946 604.2808 2 3
603.4946 604.6475 3 3
606.5429 606.8679 1 2
606.7695 607.0734 1 1
606.5429 607.2726 2 2
608.2521 608.5914 1 1
608.4385 608.8040 1 2
608.4385 609.1194 2 2
609.5016 609.8245 1 3
608.7292 609.8358 1 1
609.5016 610.1378 2 3
609.5016 610.4600 3 3
610.4482 610.9225 1 2
610.4482 611.2793 2 2
612.4883 612.8775 1 2
612.6288 612.9321 1 1
612.4883 613.1795 2 2
616.2468 616.6076 1 2
616.2468 617.1173 2 2
618.1619 618.7520 1 1
619.0469 619.3555 1 3
619.0469 619.7375 2 3
619.5565 619.9063 1 2
619.8689 620.1827 1 1
619.0469 620.3815 3 3
619.5565 620.4278 2 2
620.8784 621.3419 1 1
620.6374 621.3435 1 1
620.9665 621.6943 1 2
621.7541 622.0996 1 1
620.9665 622.1212 2 2
622.7092 623.4252 1 2
623.1991 623.5394 1 1
622.7092 623.7570 2 2
624.1259 624.5633 1 2
624.1259 625.0352 2 2
626.2632 626.9500 1 3
626.2632 627.2723 2 3
626.2632 627.7668 3 3
627.4873 627.9436 1 2
627.4873 628.2498 2 2
629.8143 630.1639 1 2
629.8143 630.4967 2 2
631.8431 632.1791 1 1
633.1149 634.1856 1 1
634.6477 635.0615 1 2
634.6477 635.5070 2 2
636.7834 637.1313 1 1
636.9416 637.4391 1 1
636.7491 637.7192 1 1
638.3426 638.7011 1 1
640.0261 640.5930 1 1
640.8389 641.1582 1 3
641.1608 641.5002 1 1
640.8389 641.9125 2 3
640.8389 642.2366 3 3
645.5179 645.9842 1 2
645.8489 646.2510 1 1
645.5179 646.3350 2 2
646.7036 647.0641 1 2
646.8320 647.1574 1 1
646.7036 647.5224 2 2
647.7133 648.0190 1 3
647.7133 648.3544 2 3
648.2065 648.5243 1 3
647.7133 648.7212 3 3
648.2065 648.8683 2 3
648.2065 649.2202 3 3
651.1650 651.4706 1 1
653.8623 654.2567 1 3
653.9405 654.3393 1 4
653.9405 654.7614 2 4
653.8623 654.8454 2 3
653.9405 655.1170 3 4
653.8623 655.1612 3 3
655.1986 655.5525 1 3
653.9405 655.5545 4 4
655.1986 655.9262 2 3
655.1986 656.2269 3 3
656.0416 656.4750 1 3
656.0416 656.8958 2 3
656.0416 657.1995 3 3
657.0429 657.3892 1 1
659.0147 660.0185 1 2
659.0147 660.3743 2 2
663.1139 663.4869 1 1
663.2993 663.7445 1 4
663.2711 663.9076 1 1
663.6727 664.0358 1 1
663.2993 664.1385 2 4
663.2993 664.6329 3 4
663.2993 665.1930 4 4
665.2415 665.6085 1 2
665.2415 665.9579 2 2
665.8983 666.7670 1 3
665.8983 667.2028 2 3
665.8983 667.5110 3 3
671.8378 672.3961 1 3
671.8378 672.7642 2 3
672.4690 672.8539 1 4
671.8378 673.0710 3 3
672.4690 673.2090 2 4
672.4690 673.7876 3 4
672.4690 674.1098 4 4
674.0352 674.5538 1 1
674.3133 674.7004 1 1
675.4196 675.7249 1 1
675.9650 676.3406 1 1
675.7725 676.6879 1 1
678.9923 679.3263 1 1
680.0605 680.4262 1 2
680.3953 680.7314 1 2
680.0605 680.9782 2 2
680.3953 681.0521 2 2
681.0186 681.3318 1 1
681.3224 681.6574 1 2
681.3540 681.7202 1 1
681.3224 682.1390 2 2
681.8619 682.1871 1 1
682.6025 682.9200 1 2
682.6025 683.2605 2 2
682.8447 683.5671 1 2
682.8447 683.9092 2 2
684.5779 685.7769 1 2
684.5779 686.1460 2 2
686.6891 687.0082 1 1
687.8020 688.4019 1 3
687.8020 688.7657 2 3
687.8344 688.9206 1 2
687.8020 689.2072 3 3
687.8344 689.2255 2 2
688.9551 689.2648 1 2
688.9551 689.7116 2 2
689.7035 690.0362 1 2
689.8343 690.1381 1 3
689.7035 690.3559 2 2
689.8343 690.4402 2 3
690.4605 690.7743 1 2
689.8343 690.9180 3 3
690.4605 691.1397 2 2
691.1354 691.5367 1 2
691.1354 691.8940 2 2
691.9773 692.2799 1 4
691.9773 692.7638 2 4
691.9773 693.0648 3 4
691.9773 693.5346 4 4
693.5969 694.2006 1 2
693.5969 694.5587 2 2
694.2187 694.5999 1 1
694.2903 694.6577 1 2
694.2903 695.0076 2 2
694.9724 695.5661 1 1
695.3492 695.9540 1 1
697.5427 697.8837 1 2
697.7066 698.0688 1 3
697.5886 698.2681 1 3
697.5427 698.2880 2 2
697.7066 698.4011 2 3
697.5886 699.1021 2 3
697.7066 699.2143 3 3
697.5886 699.4767 3 3
702.0563 702.3711 1 1
702.7361 703.1294 1 2
702.7361 703.4623 2 2
704.0658 704.3981 1 1
704.0764 704.4293 1 4
704.8258 705.1340 1 4
704.8258 705.4501 2 4
705.2449 705.5744 1 2
705.3233 705.7588 1 3
705.2449 706.0966 2 2
705.4720 706.3157 1 2
705.3233 706.4325 2 3
705.4720 706.6565 2 2
704.8258 706.7920 3 4
704.0764 706.8788 2 4
706.7408 707.1828 1 2
704.8258 707.2538 4 4
706.9954 707.4834 1 1
705.3233 707.5240 3 3
707.1048 707.7585 1 1
704.0764 707.8294 3 4
706.7408 708.1191 2 2
704.0764 708.2224 4 4
708.4547 709.2121 1 2
708.4547 709.5212 2 2
711.0899 711.4069 1 2
711.8399 712.2217 1 1
711.0899 712.2320 2 2
714.1304 714.4317 1 3
714.1304 714.7610 2 3
714.1304 715.1226 3 3
715.9422 716.3761 1 1
717.6804 718.1337 1 2
717.6804 719.7486 2 2
719.8627 720.1962 1 2
719.8627 720.5782 2 2
721.6989 722.0795 1 2
721.6989 722.4325 2 2
722.7898 723.1077 1 2
722.7898 724.0890 2 2
724.2642 724.6364 1 1
724.2039 724.7504 1 1
724.4395 724.8400 1 2
724.7259 725.1093 1 2
724.4395 725.1652 2 2
724.7259 725.5440 2 2
725.2115 725.5876 1 1
727.5232 727.8700 1 1
726.7602 728.0368 1 2
726.7602 728.4399 2 2
728.8975 729.3738 1 2
728.8975 729.6918 2 2
734.5302 734.8794 1 3
734.5302 735.2221 2 3
734.5302 735.5801 3 3
735.7719 736.2546 1 1
736.9091 737.2781 1 1
736.9392 737.4307 1 2
736.9392 737.8231 2 2
737.5673 737.9092 1 2
737.5673 738.4133 2 2
739.0693 739.3959 1 2
739.0693 739.7207 2 2
739.6936 740.0673 1 3
739.6936 740.3970 2 3
740.1723 740.5881 1 3
739.6936 740.6978 3 3
740.1723 740.9633 2 3
740.2208 741.0916 1 4
740.1723 741.3240 3 3
740.2208 741.4825 2 4
741.2200 741.6103 1 2
740.2208 742.0414 3 4
741.2200 742.1752 2 2
740.2208 742.3558 4 4
742.5820 742.9764 1 1
744.7847 745.2302 1 1
745.4222 745.7692 1 1
746.3338 746.6430 1 2
746.6098 746.9607 1 1
746.3338 747.0063 2 2
747.7062 748.2698 1 3
747.7062 748.5972 2 3
747.8648 748.6735 1 2
747.8648 749.0014 2 2
747.7062 749.4661 3 3
750.5500 750.8929 1 2
751.0550 751.4153 1 1
750.5500 751.5007 2 2
750.8193 751.6873 1 1
751.8366 752.1752 1 1
753.9005 754.2794 1 1
754.6641 755.0957 1 1
755.5948 755.9263 1 2
755.5948 756.3814 2 2
756.0853 756.3903 1 3
756.0853 756.6951 2 3
756.4378 756.7816 1 3
756.0853 757.0445 3 3
756.4378 757.1193 2 3
756.8728 757.2113 1 2
757.0318 757.3813 1 1
756.4378 757.4898 3 3
756.8728 757.5320 2 2
757.8226 758.2150 1 3
757.7458 758.6947 1 3
758.5490 758.9778 1 1
757.7458 759.0487 2 3
757.8226 759.2936 2 3
757.7458 759.4092 3 3
757.8226 759.6206 3 3
760.3675 760.8121 1 2
760.6685 760.9773 1 1
760.3675 761.2139 2 2
762.0139 762.4409 1 3
762.1955 762.6523 1 4
762.0139 762.7472 2 3
762.1955 762.9754 2 4
762.0139 763.1455 3 3
762.1955 763.5090 3 4
762.1955 763.8119 4 4
763.4738 764.0097 1 1
764.1868 764.5506 1 3
764.1868 764.8745 2 3
764.1868 765.1883 3 3
766.0718 766.8534 1 2
766.0718 767.1605 2 2
768.2795 768.6010 1 4
768.3980 768.7109 1 1
768.4576 768.7915 1 3
768.2795 768.9439 2 4
768.4576 769.1182 2 3
768.2795 769.3499 3 4
768.4576 769.4416 3 3
768.2795 769.7335 4 4
771.4263 771.7803 1 1
771.5513 771.9902 1 1
774.4236 774.7475 1 1
775.1491 775.4951 1 4
775.3032 775.7994 1 3
775.1491 775.8454 2 4
775.3032 776.1265 2 3
775.3032 776.4332 3 3
775.1491 776.8135 3 4
775.1491 777.6023 4 4
779.2782 779.6161 1 3
779.2782 779.9467 2 3
779.2782 780.3206 3 3
782.1628 782.6427 1 3
782.1628 783.1953 2 3
782.1628 783.7323 3 3
784.3934 784.7382 1 1
785.1603 785.5917 1 1
786.3622 786.6682 1 1
786.3323 786.6696 1 1
787.6102 788.0479 1 1
788.7270 789.0280 1 1
788.8435 789.1971 1 1
789.4944 789.8343 1 1
789.7199 790.1540 1 1
791.7495 792.2220 1 1
793.0997 793.4357 1 4
793.0997 793.9412 2 4
793.0997 794.2756 3 4
794.1272 794.5774 1 2
793.0997 794.6365 4 4
794.1272 795.0112 2 2
795.1050 796.2810 1 4
795.1050 796.6059 2 4
795.1050 797.0271 3 4
795.1050 797.4296 4 4
797.6635 798.3119 1 1
798.9207 799.2370 1 1
799.9975 800.4613 1 2
799.9975 800.8513 2 2
801.0968 801.4285 1 1
802.1429 802.5097 1 1
802.2016 802.5422 1 1
802.8192 803.2124 1 1
804.5836 805.1799 1 1
806.0384 806.4287 1 1
806.6384 807.0483 1 2
806.6384 807.4253 2 2
807.7703 808.0753 1 1
809.4110 809.7369 1 1
810.0628 810.4335 1 3
810.2156 810.5545 1 1
810.2094 810.5829 1 1
810.0628 810.7704 2 3
810.6844 811.0138 1 3
810.0628 811.0899 3 3
810.6844 811.3783 2 3
810.6844 811.6920 3 3
811.9259 812.6078 1 1
812.5466 813.1111 1 1
813.0931 813.4039 1 1
813.0168 813.4574 1 1
814.2995 814.7782 1 2
814.2995 815.2806 2 2
814.9827 815.4562 1 3
814.9827 815.7677 2 3
814.9827 816.1820 3 3
817.0531 817.5792 1 1
817.7533 818.1459 1 2
818.1524 818.5157 1 2
817.7533 818.5611 2 2
818.1524 818.8952 2 2
818.6818 818.9851 1 1
819.5115 819.9240 1 2
819.5115 820.2321 2 2
821.0960 821.4546 1 1
822.5436 822.8779 1 1
822.5729 822.8866 1 1
822.5653 822.9491 1 1
825.0931 825.5264 1 1
827.7315 828.2238 1 3
827.7315 828.5410 2 3
827.7315 828.8515 3 3
830.3590 830.6741 1 1
830.4696 831.0472 1 1
830.7858 831.1651 1 1
831.1594 831.5246 1 2
831.1594 831.8354 2 2
832.0432 832.4596 1 2
832.0432 833.0244 2 2
833.0083 833.5285 1 2
833.3649 833.6723 1 2
833.5011 833.8059 1 3
833.0083 833.9365 2 2
833.3649 833.9837 2 2
833.5011 834.1352 2 3
833.5011 834.4492 3 3
834.6361 834.9657 1 1
835.3758 835.7250 1 2
835.5022 835.9050 1 3
835.8239 836.1353 1 4
835.5022 836.4318 2 3
835.3758 836.4593 2 2
835.8239 836.5901 2 4
835.5022 836.8736 3 3
835.8239 836.9218 3 4
836.6028 836.9446 1 3
835.8239 837.3343 4 4
837.5149 837.8472 1 1
836.6028 838.9396 2 3
838.4779 839.1687 1 1
836.6028 839.2697 3 3
839.5604 839.8627 1 1
842.0283 842.4638 1 2
842.2676 842.7958 1 1
842.0283 842.9131 2 2
842.8474 843.7909 1 1
845.7743 846.1894 1 1
845.4947 846.4521 1 3
846.1391 846.5546 1 3
845.4947 846.7585 2 3
846.1391 846.8678 2 3
845.4947 847.2728 3 3
846.1391 847.2843 3 3
846.7705 847.8323 1 1
847.5420 847.9014 1 1
846.8819 847.9136 1 1
847.7424 848.1362 1 2
847.7424 848.4814 2 2
849.9772 850.4957 1 1
850.0780 850.5157 1 1
851.0595 851.4231 1 4
851.0595 851.7285 2 4
851.0595 852.0855 3 4
851.0595 852.4511 4 4
851.9253 852.6097 1 1
852.4237 852.8369 1 2
852.4237 853.1740 2 2
853.1731 853.5517 1 2
853.1731 853.8582 2 2
853.9246 854.2695 1 2
853.3469 854.2698 1 1
853.9246 854.6371 2 2
855.2545 855.5986 1 1
860.5369 860.9663 1 2
860.6447 861.0890 1 1
860.5369 861.3874 2 2
861.6139 861.9446 1 2
861.6979 862.0107 1 1
861.6139 862.2824 2 2
863.8774 864.2960 1 2
863.8774 864.5998 2 2
864.2663 864.6651 1 1
864.7065 865.2737 1 1
865.4140 866.0134 1 1
866.9706 867.3320 1 1
867.7514 868.1150 1 3
867.7514 868.4226 2 3
867.7514 868.8471 3 3
868.9713 869.4851 1 1
869.3934 869.7209 1 3
869.3934 870.0768 2 3
869.3934 870.6075 3 3
870.5328 871.1104 1 4
870.5328 871.4377 2 4
870.5328 871.8229 3 4
871.8190 872.1292 1 2
870.5328 872.1436 4 4
871.8190 872.7684 2 2
873.2390 873.7522 1 1
873.3048 873.7734 1 1
876.7304 877.0352 1 2
876.7304 877.5710 2 2
877.8919 878.2511 1 1
878.6577 878.9996 1 1
879.2400 879.6241 1 2
879.2400 879.9332 2 2
879.7225 880.1890 1 3
879.7225 880.5832 2 3
879.7225 880.9032 3 3
881.4808 881.8010 1 2
881.7938 882.0994 1 1
881.4808 882.1208 2 2
881.9666 882.3623 1 2
881.9666 882.8946 2 2
885.0705 885.3721 1 1
887.0604 887.3651 1 1
888.1096 888.5009 1 3
888.1096 889.0131 2 3
888.1096 889.3526 3 3
889.4766 889.8198 1 1
891.1913 891.5897 1 1
892.5925 892.9241 1 1
892.9387 893.2412 1 3
892.9387 893.6957 2 3
893.3908 893.7844 1 2
892.9387 894.1035 3 3
893.3908 894.2424 2 2
896.0741 896.5005 1 2
896.4685 896.8121 1 2
896.0741 896.8229 2 2
896.4685 897.1250 2 2
897.0875 897.4009 1 1
897.8798 898.3065 1 1
898.6827 899.2355 1 1
900.9436 901.7823 1 1
903.6102 904.0190 1 1
905.2730 905.5927 1 3
905.2730 905.9033 2 3
905.2730 906.4098 3 3
907.4616 907.8547 1 1
909.3574 909.7628 1 1
909.7709 910.2534 1 1
910.2708 910.7093 1 1
911.4477 911.9740 1 3
911.4477 912.2794 2 3
911.4477 912.7407 3 3
915.2811 915.8248 1 1
917.1867 917.5200 1 1
919.1306 919.5436 1 2
919.1306 919.8812 2 2
919.9113 920.7190 1 1
921.4948 921.7980 1 1
922.1872 922.5806 1 1
922.3526 922.6701 1 2
922.4258 922.7445 1 4
922.5647 922.9037 1 2
922.4258 923.0708 2 4
922.3526 923.1129 2 2
922.5647 923.2187 2 2
922.4258 923.4420 3 4
923.5048 923.9728 1 1
922.4258 924.0898 4 4
924.1730 924.5457 1 3
924.1730 925.1864 2 3
924.8955 925.3105 1 1
925.0133 925.3392 1 1
924.1730 925.5016 3 3
925.2816 925.6269 1 1
926.4342 926.8639 1 1
926.4966 926.8941 1 2
926.4966 927.3596 2 2
927.1959 927.5327 1 2
927.1959 927.8939 2 2
932.2771 932.6300 1 3
932.2771 933.7242 2 3
933.4216 933.7562 1 2
932.2771 934.0585 3 3
933.4216 934.1002 2 2
933.7452 934.1342 1 2
933.9814 934.4306 1 1
933.8725 934.7073 1 1
934.0531 934.7424 1 2
933.7452 934.7591 2 2
934.0531 935.0529 2 2
940.1720 940.5910 1 1
941.2641 941.8943 1 3
941.2641 942.2121 2 3
942.2643 942.6265 1 1
941.2641 943.0945 3 3
942.8614 943.6070 1 1
944.9970 945.4240 1 1
945.2258 945.5614 1 1
945.7804 946.1006 1 1
947.3099 947.6248 1 1
947.2973 947.6332 1 2
947.2973 947.9425 2 2
947.9985 948.3090 1 2
947.9985 948.6653 2 2
948.4524 948.7670 1 1
948.2857 948.7784 1 1
948.7134 949.0268 1 1
948.9765 949.3905 1 3
948.9765 949.7118 2 3
948.9765 950.0216 3 3
950.8878 951.2055 1 1
951.6761 952.3466 1 2
952.4511 952.7950 1 1
951.6761 952.8606 2 2
954.4192 954.8379 1 2
954.4192 955.2196 2 2
955.0712 955.4984 1 1
955.4582 955.8876 1 2
955.4582 956.2965 2 2
956.1854 956.5159 1 2
956.1854 956.8196 2 2
956.7068 957.0696 1 3
956.7068 957.6692 2 3
956.7068 958.0596 3 3
958.3350 958.8593 1 1
962.3781 962.6953 1 1
961.9473 963.2844 1 1
963.0190 963.4524 1 3
963.0190 963.8783 2 3
963.0190 964.8963 3 3
964.8764 966.0053 1 2
964.8764 966.4364 2 2
967.1019 967.4293 1 2
967.1019 967.9243 2 2
968.1764 968.4872 1 1
970.6719 971.1539 1 1
971.7201 972.3572 1 1
972.4258 972.7746 1 4
972.4258 973.1842 2 4
972.4258 973.5418 3 4
972.4258 973.9010 4 4
973.7439 974.0809 1 2
973.7439 974.5508 2 2
975.1347 975.5903 1 2
975.0509 975.6251 1 1
974.9659 975.6747 1 3
975.1465 975.8969 1 2
975.1347 975.9537 2 2
975.1465 976.2277 2 2
974.9659 976.4003 2 3
974.9659 976.7188 3 3
976.7212 977.3629 1 1
977.0849 977.4953 1 3
977.0849 977.9424 2 3
977.0849 978.2716 3 3
978.6244 979.0706 1 3
978.8511 979.2593 1 3
978.9538 979.2800 1 2
978.6244 979.3733 2 3
978.8511 979.5745 2 3
978.9538 979.6974 2 2
978.6244 979.7208 3 3
978.8511 980.0899 3 3
980.5539 980.9068 1 1
980.5754 980.9736 1 1
983.9083 984.2191 1 4
983.9083 984.5207 2 4
983.9083 985.1564 3 4
983.9083 985.4874 4 4
985.4042 985.9166 1 1
986.0620 986.3924 1 2
986.0620 986.8137 2 2
987.6954 988.5541 1 2
988.5289 988.9021 1 4
985.9328 988.9055 1 2
987.6954 989.2042 2 2
985.9328 989.2286 2 2
988.5289 989.3945 2 4
988.5289 989.7085 3 4
988.5289 990.6895 4 4
992.2428 992.5601 1 1
991.8479 992.6983 1 1
993.3323 993.6676 1 1
994.8328 995.1429 1 1
996.0541 996.3853 1 1
996.4589 996.9680 1 1
996.7567 997.1047 1 3
996.7567 997.4135 2 3
996.7567 997.7555 3 3
997.3442 998.3860 1 3
998.3451 998.6626 1 1
997.3442 998.7952 2 3
997.3442 999.1501 3 3
998.8837 999.3971 1 3
998.8837 999.7298 2 3
998.6684 999.8117 1 1
998.8837 1000.0367 3 3
1000.0885 1000.3940 1 1
1001.8114 1002.1237 1 1
1003.9756 1004.3692 1 1
1004.3152 1005.0001 1 2
1004.3152 1005.3720 2 2
1005.0123 1005.5473 1 1
1006.5118 1006.8726 1 4
1006.5118 1007.3136 2 4
1006.5118 1007.7662 3 4
1007.7230 1008.0681 1 1
1006.5118 1008.0847 4 4
1008.5044 1008.9162 1 2
1008.5044 1009.2232 2 2
1011.7851 1012.1302 1 1
1011.9580 1012.3391 1 1
1013.5032 1014.0125 1 2
1013.5032 1014.3705 2 2
1013.2284 1014.9436 1 2
1013.2284 1015.3104 2 2
1015.4692 1015.9625 1 2
1015.4692 1016.3606 2 2
1016.3477 1016.9400 1 2
1016.3477 1017.2939 2 2
1017.1218 1017.5226 1 3
1017.1218 1017.9319 2 3
1017.9715 1018.2865 1 3
1017.1218 1018.2871 3 3
1017.9715 1018.5958 2 3
1017.9715 1018.8974 3 3
1020.2726 1020.8451 1 2
1020.2726 1021.1715 2 2
1021.8493 1022.1725 1 1
1022.4610 1022.9159 1 1
1022.7307 1023.0692 1 1
1028.1250 1028.4989 1 2
1028.1250 1028.8160 2 2
1028.8849 1029.4294 1 1
1028.6247 1029.4434 1 1
1030.5423 1030.8572 1 3
1030.3139 1030.8732 1 3
1030.5423 1031.1580 2 3
1030.3139 1031.2264 2 3
1030.5423 1031.4599 3 3
1030.3139 1031.6965 3 3
1032.1322 1032.4329 1 1
1032.1266 1032.5219 1 3
1032.1729 1032.5291 1 2
1032.4279 1032.7931 1 1
1032.1266 1032.8847 2 3
1032.1729 1032.9747 2 2
1032.1266 1033.2615 3 3
1032.9682 1033.4211 1 1
1033.1339 1033.4598 1 1
1035.2740 1035.7807 1 1
1035.8192 1036.2151 1 1
1037.1721 1037.4951 1 3
1037.1721 1037.8215 2 3
1037.1721 1038.2302 3 3
1038.2155 1038.7374 1 1
1038.7705 1039.1254 1 2
1038.7741 1039.3377 1 2
1038.7705 1039.4547 2 2
1039.2561 1039.6174 1 1
1038.7741 1039.7616 2 2
1039.3673 1039.8245 1 1
1040.0820 1040.4042 1 1
1040.1559 1040.5641 1 2
1040.1559 1040.9088 2 2
1042.0547 1042.4228 1 1
1041.0527 1042.6930 1 1
1043.8705 1044.2399 1 1
1045.6384 1046.0278 1 2
1045.7241 1046.2208 1 3
1046.1162 1046.5115 1 1
1045.7241 1046.5827 2 3
1045.6384 1046.6802 2 2
1045.7241 1047.0286 3 3
1047.5141 1047.8849 1 2
1047.5141 1048.2056 2 2
1048.3425 1048.7070 1 2
1048.3425 1049.0347 2 2
1048.5107 1049.1585 1 3
1049.0959 1049.4765 1 3
1048.5107 1049.4994 2 3
1049.3379 1049.6512 1 2
1049.0959 1049.8863 2 3
1049.3379 1049.9988 2 2
1049.0959 1050.2695 3 3
1048.5107 1050.2756 3 3
1050.7911 1051.1010 1 2
1050.7911 1051.5079 2 2
1054.0024 1054.3634 1 3
1054.0024 1054.8435 2 3
1054.6055 1054.9228 1 1
1054.0024 1055.1678 3 3
1056.3015 1056.6546 1 1
1056.8174 1057.4959 1 1
1057.3741 1057.8160 1 3
1057.3741 1058.1715 2 3
1057.3741 1058.5481 3 3
1058.3364 1058.6448 1 3
1058.7834 1059.1166 1 1
1058.8108 1059.2059 1 2
1058.8108 1059.5170 2 2
1058.3364 1059.7496 2 3
1058.3364 1060.1724 3 3
1060.5139 1061.3757 1 1
1061.2547 1061.5733 1 1
1064.1389 1064.5546 1 4
1064.1389 1064.8822 2 4
1064.7069 1065.1325 1 1
1064.1389 1065.3276 3 4
1064.1389 1065.8069 4 4
1066.8421 1067.2462 1 1
1068.4555 1069.0577 1 2
1068.4555 1069.3655 2 2
1069.1540 1069.4941 1 2
1069.1540 1069.8221 2 2
1070.0070 1070.3570 1 2
1069.2365 1070.4319 1 1
1070.0070 1070.8100 2 2
1071.3849 1071.8152 1 2
1071.5807 1071.9075 1 1
1071.7400 1072.0726 1 1
1071.3849 1072.1384 2 2
1072.9475 1073.3015 1 2
1073.0316 1073.3335 1 1
1072.9475 1073.6276 2 2
1073.3511 1073.9321 1 3
1073.6382 1073.9795 1 3
1073.6382 1074.2802 2 3
1073.9727 1074.4904 1 4
1073.6382 1074.7086 3 3
1073.3511 1074.7920 2 3
1073.9727 1074.8056 2 4
1073.9727 1075.1224 3 4
1073.3511 1075.1339 3 3
1073.9727 1075.6110 4 4
1075.4182 1075.8229 1 1
1077.0028 1077.3071 1 4
1077.0028 1077.7139 2 4
1077.0028 1078.0506 3 4
1077.6483 1078.1230 1 1
1077.7103 1078.2152 1 1
1077.8851 1078.4026 1 1
1077.0028 1078.4694 4 4
1078.4551 1079.2070 1 1
1080.8309 1081.1840 1 2
1080.8309 1081.6601 2 2
1081.8721 1082.2410 1 1
1082.8405 1083.4518 1 1
1082.9034 1083.5352 1 2
1082.9034 1083.8439 2 2
1083.2196 1083.9296 1 1
1087.6909 1088.2086 1 2
1087.6909 1088.6982 2 2
1088.7644 1089.0862 1 1
1089.5951 1090.0953 1 3
1089.5951 1090.6382 2 3
1089.5951 1090.9719 3 3
1093.3864 1094.1626 1 3
1093.8571 1094.2389 1 1
1094.0173 1094.4095 1 1
1093.3864 1094.4674 2 3
1094.3073 1094.7220 1 1
1093.3864 1094.7830 3 3
1095.2565 1095.5581 1 3
1095.3874 1095.7023 1 1
1095.2565 1096.3807 2 3
1095.2565 1096.6850 3 3
1096.8687 1097.1700 1 1
1098.0574 1098.4470 1 1
1098.1494 1098.8452 1 1
1098.8514 1099.2740 1 1
1101.7338 1102.2488 1 3
1101.7338 1102.5501 2 3
1101.7338 1102.9330 3 3
1103.0076 1103.3712 1 1
1103.5700 1103.9423 1 1
1104.4409 1104.7480 1 3
1104.4409 1105.1782 2 3
1104.4409 1105.5515 3 3
1105.1341 1105.6059 1 3
1105.1341 1105.9751 2 3
1105.8360 1106.2518 1 1
1105.1341 1106.2907 3 3
1107.3210 1107.6392 1 1
1107.6196 1108.1904 1 1
1108.0160 1108.4197 1 3
1108.0160 1108.7361 2 3
1108.8439 1109.2208 1 1
1108.0160 1109.5720 3 3
1110.9435 1111.2506 1 3
1110.9435 1111.6589 2 3
1110.9435 1111.9875 3 3
1113.3134 1113.8123 1 2
1113.3134 1114.3231 2 2
1113.9175 1114.9200 1 2
1113.9175 1115.2930 2 2
1115.6682 1116.0308 1 1
1115.7327 1116.1974 1 1
1118.2766 1118.5902 1 1
1119.0191 1119.4033 1 1
1120.0618 1120.4459 1 2
1120.0618 1120.7548 2 2
1120.6102 1120.9654 1 4
1120.6102 1121.5119 2 4
1120.6102 1122.0618 3 4
1120.6102 1122.3718 4 4
1124.3961 1124.7052 1 2
1124.3961 1125.0351 2 2
1125.1359 1125.7101 1 2
1125.1359 1126.0233 2 2
1126.7389 1127.1855 1 1
1127.8335 1128.1437 1 1
1128.4080 1128.8150 1 1
1129.2971 1129.6413 1 2
1129.2971 1130.1291 2 2
1130.4726 1130.7987 1 3
1130.4726 1131.2112 2 3
1130.9063 1131.3498 1 2
1130.4726 1131.5375 3 3
1130.9063 1131.9225 2 2
1133.6360 1133.9490 1 1
1137.8067 1138.3697 1 1
1138.0286 1138.4261 1 2
1138.0286 1138.7391 2 2
1140.2589 1140.6160 1 1
1140.4413 1140.7582 1 3
1140.4413 1141.1954 2 3
1140.4413 1141.6633 3 3
1141.4488 1141.7595 1 3
1141.4488 1142.1335 2 3
1141.4488 1142.6414 3 3
1143.5248 1144.2336 1 2
1143.5248 1144.6094 2 2
1144.3276 1145.0940 1 1
1144.9658 1145.3471 1 1
1146.2709 1146.6218 1 1
1146.4707 1147.0114 1 1
1147.1174 1147.4884 1 1
1147.1300 1147.4962 1 2
1147.1300 1147.8665 2 2
1147.9417 1148.4809 1 2
1147.9417 1149.0047 2 2
1150.4187 1150.7712 1 1
1151.6926 1152.0331 1 1
1153.6351 1154.0058 1 1
1154.5260 1154.9173 1 1
1154.9482 1155.2748 1 3
1154.9482 1155.7663 2 3
1154.9482 1156.1358 3 3
1156.7790 1157.1196 1 1
1157.2481 1157.5588 1 1
1159.1286 1159.4553 1 1
1159.3252 1160.0868 1 3
1159.3252 1160.4229 2 3
1159.3252 1160.7408 3 3
1161.2822 1161.6461 1 2
1161.5493 1161.8527 1 1
1161.2822 1161.9825 2 2
1161.9700 1162.3089 1 2
1161.9700 1162.6924 2 2
1163.4304 1163.8159 1 2
1163.4304 1164.1602 2 2
1164.5021 1164.8631 1 4
1164.5021 1165.7224 2 4
1164.5021 1166.0703 3 4
1164.5021 1166.3996 4 4
1166.4059 1166.7332 1 1
1170.5140 1170.8773 1 3
1170.6626 1171.1040 1 3
1170.5140 1171.3456 2 3
1170.6626 1171.4060 2 3
1171.0993 1171.5781 1 3
1171.1797 1171.6679 1 2
1170.5140 1171.7284 3 3
1171.0993 1171.9194 2 3
1170.6626 1172.0839 3 3
1171.1797 1172.1260 2 2
1171.0993 1172.3082 3 3
1173.0995 1173.4045 1 2
1173.0995 1173.9502 2 2
1174.9210 1175.2424 1 1
1175.9675 1176.5412 1 2
1175.9675 1176.8849 2 2
1176.7690 1177.2169 1 2
1176.7690 1177.5552 2 2
1177.0134 1177.6413 1 2
1177.3605 1177.6795 1 1
1177.0134 1177.9543 2 2
1180.4392 1180.8102 1 2
1180.4392 1181.1183 2 2
1182.1201 1182.4413 1 3
1182.1201 1183.1787 2 3
1183.3639 1183.7116 1 1
1182.1201 1184.1472 3 3
1185.7694 1186.4387 1 3
1185.7694 1186.8223 2 3
1186.6813 1187.1194 1 2
1185.7694 1187.1533 3 3
1186.6813 1187.5393 2 2
1187.2598 1188.4922 1 3
1187.2598 1188.8225 2 3
1187.2598 1189.2475 3 3
1189.3779 1189.6829 1 1
1189.8948 1190.2063 1 1
1190.0335 1190.3339 1 3
1190.0786 1190.5648 1 1
1192.8955 1193.2703 1 3
1190.0335 1193.4847 2 3
1192.8955 1193.6057 2 3
1192.8955 1193.9215 3 3
1190.0335 1193.9825 3 3
1194.8822 1195.2153 1 1
1197.3457 1197.6934 1 2
1197.3457 1198.1597 2 2
1199.1912 1199.5735 1 1
1202.3324 1202.6400 1 2
1202.3324 1202.9418 2 2
1202.7405 1203.0508 1 1
1203.1197 1203.4736 1 1
1203.2580 1203.9568 1 1
1204.1273 1204.5392 1 1
1204.3967 1204.8942 1 4
1204.3967 1205.2593 2 4
1204.9995 1205.5754 1 4
1204.3967 1205.6044 3 4
1204.3967 1205.9154 4 4
1204.9995 1206.0591 2 4
1205.9314 1206.3011 1 1
1204.9995 1206.3769 3 4
1206.2953 1206.7029 1 2
1206.3509 1206.7443 1 1
1204.9995 1206.7523 4 4
1206.2953 1207.4506 2 2
1208.5780 1208.9604 1 2
1208.5780 1209.2653 2 2
1209.5753 1209.8814 1 3
1209.5753 1210.2015 2 3
1209.8135 1210.2724 1 3
1210.1189 1210.5177 1 2
1210.0787 1210.6066 1 1
1209.8135 1210.7206 2 3
1210.1189 1210.8533 2 2
1209.5753 1210.9097 3 3
1209.8135 1211.0346 3 3
1215.9859 1216.3140 1 1
1216.8359 1217.1829 1 4
1216.8359 1217.5118 2 4
1216.8359 1217.8818 3 4
1216.8359 1218.2351 4 4
1218.6873 1218.9927 1 2
1218.6873 1219.3075 2 2
1218.5539 1219.7076 1 1
1221.0245 1221.3297 1 2
1221.0245 1221.7375 2 2
1222.9851 1223.2904 1 2
1222.9851 1223.8186 2 2
1223.9680 1224.3433 1 1
1224.5719 1224.9510 1 3
1224.5719 1225.3392 2 3
1225.1566 1225.4779 1 1
1224.5719 1225.6573 3 3
1226.2010 1226.5393 1 2
1226.2010 1226.9367 2 2
1226.8819 1227.2049 1 1
1227.9738 1228.2856 1 1
1229.2965 1230.1951 1 2
1229.2965 1230.4972 2 2
1230.0193 1230.5175 1 1
1230.4924 1230.9795 1 1
1231.6182 1231.9532 1 1
1232.6976 1233.0116 1 1
1233.4928 1233.8079 1 2
1233.5738 1233.9876 1 3
1233.4928 1234.2438 2 2
1234.0277 1234.4611 1 1
1233.5738 1234.4711 2 3
1234.0773 1234.5601 1 1
1234.3960 1234.7884 1 1
1233.5738 1235.1845 3 3
1234.8713 1235.4055 1 1
1235.1037 1235.4265 1 2
1235.1037 1235.7336 2 2
1235.4645 1235.9030 1 2
1235.4645 1236.2554 2 2
1236.2355 1236.5644 1 1
1236.1981 1236.6146 1 1
1236.1907 1236.8514 1 1
1236.6393 1237.3944 1 3
1236.6393 1237.7238 2 3
1237.6075 1237.9598 1 4
1236.6393 1238.0649 3 3
1237.6075 1238.2648 2 4
1237.9799 1238.3320 1 1
1237.6075 1238.6365 3 4
1238.5725 1238.9158 1 1
1237.6075 1238.9491 4 4
1239.5042 1239.9810 1 3
1239.9180 1240.2640 1 3
1239.5042 1240.4795 2 3
1239.9180 1240.6112 2 3
1239.5042 1240.7955 3 3
1239.9180 1240.9270 3 3
1242.1376 1242.6325 1 1
1243.4307 1243.8710 1 1
1243.5979 1243.9183 1 1
1244.1074 1244.4534 1 2
1244.1074 1244.7641 2 2
1244.6633 1245.0720 1 1
1246.1227 1246.4350 1 1
1246.5278 1247.6650 1 2
1246.5278 1248.1469 2 2
1250.0826 1250.4327 1 1
1250.0844 1250.4774 1 2
1250.1422 1250.5283 1 1
1250.2042 1250.7512 1 1
1250.0844 1251.1170 2 2
1251.4730 1251.8211 1 2
1251.4730 1252.3563 2 2
1251.9462 1252.3605 1 1
1252.4336 1252.8504 1 4
1252.9650 1253.2745 1 2
1252.4336 1253.4137 2 4
1253.0481 1253.5054 1 1
1252.9650 1253.6580 2 2
1253.4727 1253.9722 1 2
1252.4336 1254.0186 3 4
1253.4727 1254.3738 2 2
1252.4336 1254.6786 4 4
1254.7690 1255.0866 1 1
1255.2794 1255.6439 1 1
1255.2683 1255.7624 1 3
1255.2683 1256.2090 2 3
1255.2683 1256.5176 3 3
1257.9720 1258.2905 1 2
1257.9720 1258.6317 2 2
1260.2389 1260.5406 1 1
1260.3830 1260.7350 1 1
1260.4631 1260.8481 1 3
1260.6282 1261.1563 1 3
1260.4631 1261.2539 2 3
1260.6282 1261.4799 2 3
1260.4631 1261.6755 3 3
1261.1506 1261.6950 1 1
1260.6282 1261.7922 3 3
1261.8295 1262.1459 1 1
1261.8781 1262.8254 1 3
1261.8781 1263.3599 2 3
1262.6790 1263.7215 1 3
1261.8781 1263.7327 3 3
1262.6790 1264.0312 2 3
1262.6790 1264.3671 3 3
1264.0265 1264.4387 1 1
1266.0910 1266.4342 1 1
1267.0749 1267.3814 1 3
1266.7174 1267.4012 1 1
1267.0749 1267.7662 2 3
1267.0749 1268.1629 3 3
1268.6662 1269.0837 1 1
1270.3574 1270.6864 1 1
1272.5898 1272.9355 1 2
1272.5898 1273.4713 2 2
1273.2483 1273.5693 1 1
1274.1436 1274.6625 1 1
1275.0977 1275.4861 1 1
1276.4010 1276.8709 1 1
1276.5906 1277.0341 1 1
1276.7525 1277.0751 1 2
1276.7525 1277.4653 2 2
1277.2710 1277.6290 1 2
1277.2456 1277.8101 1 1
1277.2710 1278.4968 2 2
1278.3889 1278.7510 1 3
1278.3889 1279.0658 2 3
1278.4656 1279.2390 1 2
1278.3889 1279.4158 3 3
1278.8561 1279.4211 1 1
1278.4656 1279.5774 2 2
1279.8902 1280.4741 1 1
1280.1450 1280.4883 1 1
1280.8620 1281.1703 1 1
1281.0604 1281.3975 1 2
1281.0307 1281.4795 1 1
1281.0604 1281.8811 2 2
1284.6183 1284.9785 1 1
1284.6597 1285.0289 1 1
1285.1532 1285.5019 1 2
1285.1298 1285.6099 1 1
1285.1532 1285.8621 2 2
1285.8462 1286.1939 1 1
1288.1928 1288.5389 1 2
1288.1928 1288.9178 2 2
1291.2446 1291.7477 1 1
1293.4915 1293.8367 1 3
1293.4915 1294.2151 2 3
1293.4915 1294.6396 3 3
1295.4078 1295.7387 1 3
1295.4078 1296.0708 2 3
1295.8106 1296.2589 1 1
1295.4078 1296.7703 3 3
1296.3921 1296.7847 1 1
1296.8255 1297.2412 1 1
1297.0061 1297.3089 1 1
1297.8500 1298.2553 1 2
1297.8500 1298.6301 2 2
1299.8788 1300.2627 1 3
1300.2585 1300.5793 1 2
1299.8788 1300.6075 2 3
1300.4775 1300.8310 1 3
1299.8788 1300.9156 3 3
1300.4775 1301.1961 2 3
1300.8815 1301.2192 1 1
1300.2585 1301.3480 2 2
1300.4775 1301.5012 3 3
1304.3235 1304.7687 1 1
1304.7854 1305.1673 1 2
1304.9484 1305.2757 1 1
1304.7854 1305.5419 2 2
1305.9872 1306.4469 1 2
1305.9872 1306.7647 2 2
1306.5350 1306.8554 1 1
1309.0532 1309.4171 1 1
1309.9785 1310.3118 1 4
1310.2672 1310.6224 1 4
1309.9785 1310.6397 2 4
1310.2252 1310.7419 1 1
1310.2672 1310.9296 2 4
1309.9785 1311.0544 3 4
1310.2672 1311.2612 3 4
1309.9785 1311.4713 4 4
1311.0997 1311.4980 1 4
1311.0997 1311.9395 2 4
1311.0997 1312.2402 3 4
1310.2672 1312.2799 4 4
1311.0997 1312.6171 4 4
1314.4385 1314.7421 1 2
1314.4385 1315.1324 2 2
1315.9319 1316.5944 1 2
1315.9319 1317.4776 2 2
1318.1285 1318.5110 1 2
1318.1285 1318.8744 2 2
1319.6620 1320.4046 1 3
1319.6620 1320.8303 2 3
1319.6620 1321.1367 3 3
1321.2107 1321.5756 1 1
1323.3396 1323.6665 1 1
1323.5288 1323.8946 1 2
1323.5288 1324.2574 2 2
1327.7291 1328.1231 1 1
1329.8501 1330.1945 1 1
1330.3630 1330.6803 1 1
1330.5942 1330.9677 1 2
1330.5942 1331.4898 2 2
1331.1469 1331.5687 1 3
1331.1469 1331.9101 2 3
1331.8733 1332.5149 1 1
1331.1469 1332.6167 3 3
1334.0551 1334.3779 1 3
1334.0551 1334.6817 2 3
1334.0551 1335.1395 3 3
1334.6745 1335.1941 1 2
1334.6745 1336.0725 2 2
1336.3328 1336.9305 1 3
1336.3328 1337.3301 2 3
1336.3328 1337.7099 3 3
1339.7271 1340.0298 1 2
1339.8426 1340.2062 1 2
1339.7271 1340.3575 2 2
1339.8426 1340.6150 2 2
1340.5093 1340.8963 1 1
1343.0834 1343.5419 1 3
1343.0834 1343.8743 2 3
1343.0834 1344.2634 3 3
1345.1574 1345.4661 1 1
1345.9120 1346.2665 1 3
1345.9120 1346.7292 2 3
1345.9120 1347.1633 3 3
1349.3974 1349.7571 1 1
1348.7790 1350.0706 1 4
1348.7790 1350.4027 2 4
1348.7790 1350.7748 3 4
1348.7790 1351.1148 4 4
1350.8256 1351.3764 1 1
1350.9865 1351.4166 1 2
1351.4402 1351.7623 1 1
1350.9865 1352.0023 2 2
1351.8131 1352.3853 1 3
1351.8131 1352.6912 2 3
1351.8131 1353.2868 3 3
1354.9704 1355.3102 1 1
1360.8057 1361.1433 1 1
1362.7641 1363.1396 1 4
1362.7788 1363.3292 1 2
1362.7788 1363.6804 2 2
1362.7641 1363.8649 2 4
1362.7641 1364.1695 3 4
1362.7641 1364.5131 4 4
1364.8007 1365.1223 1 3
1364.8007 1365.4789 2 3
1364.9743 1365.6235 1 1
1364.8007 1365.8282 3 3
1366.6284 1367.0982 1 2
1366.6284 1367.4719 2 2
1368.2361 1369.4429 1 2
1369.3306 1369.6363 1 2
1368.2361 1369.8077 2 2
1369.3306 1369.9662 2 2
1369.9800 1370.3388 1 2
1369.9800 1370.6552 2 2
1370.5584 1370.8892 1 1
1370.6800 1371.0766 1 1
1370.4869 1371.2407 1 2
1370.4869 1371.7136 2 2
1374.0498 1374.4970 1 2
1374.0498 1375.2246 2 2
1377.0516 1377.6360 1 1
1377.4340 1377.8102 1 2
1377.4340 1378.2881 2 2
1378.1064 1378.4947 1 1
1379.5776 1379.8905 1 2
1379.5048 1379.8905 1 2
1379.5048 1380.2022 2 2
1379.5776 1380.2702 2 2
1379.9436 1380.2744 1 1
1380.2752 1380.5772 1 1
1383.2968 1383.7448 1 1
1385.7719 1386.0751 1 2
1385.7719 1386.4731 2 2
1386.4361 1386.8183 1 3
1386.4361 1387.7050 2 3
1387.4629 1387.7691 1 1
1386.4361 1388.0739 3 3
1388.5570 1388.9425 1 2
1388.5570 1389.4755 2 2
1389.6372 1391.4521 1 1
1391.7867 1392.1444 1 1
1392.4249 1392.7633 1 3
1392.4249 1393.3928 2 3
1392.4249 1393.7134 3 3
1393.4926 1393.8970 1 1
1394.6024 1394.9554 1 1
1395.8634 1396.1674 1 1
1397.7299 1398.0727 1 1
1398.5240 1398.8543 1 1
1399.9932 1400.4241 1 1
1400.8974 1401.2027 1 2
1400.8359 1401.3412 1 1
1400.6897 1401.4491 1 2
1400.8974 1401.5846 2 2
1401.3284 1401.6482 1 1
1400.6897 1401.7798 2 2
1402.0083 1402.7098 1 1
1402.3189 1402.7914 1 2
1402.3913 1402.9075 1 4
1402.3189 1403.2109 2 2
1402.3913 1403.3230 2 4
1402.3957 1403.3829 1 1
1403.7579 1404.1346 1 3
1403.8681 1404.1811 1 2
1402.3913 1404.2109 3 4
1403.7579 1404.4465 2 3
1403.8681 1404.5783 2 2
1404.1946 1404.5794 1 2
1402.3913 1404.8901 4 4
1403.7579 1404.9576 3 3
1404.1946 1404.9862 2 2
1404.6270 1405.1910 1 2
1404.6270 1405.5120 2 2
1407.1573 1407.5279 1 1
1409.6925 1410.4600 1 1
1413.1509 1413.4999 1 2
1413.1509 1413.8564 2 2
1414.2791 1414.7231 1 1
1414.8026 1415.2032 1 3
1414.8026 1415.5385 2 3
1414.8026 1415.8924 3 3
1416.1417 1416.4656 1 1
1416.3154 1417.1786 1 1
1417.5443 1417.8577 1 2
1417.5443 1418.2046 2 2
1419.2329 1419.5353 1 1
1420.6587 1420.9832 1 2
1420.7724 1421.0942 1 2
1420.7724 1421.4021 2 2
1420.6587 1421.4650 2 2
1421.9459 1422.3127 1 3
1421.9459 1422.6137 2 3
1422.3751 1422.8772 1 2
1421.9459 1422.9221 3 3
1422.3751 1423.3531 2 2
1423.1922 1423.8407 1 2
1423.8364 1424.2661 1 2
1423.1922 1424.3886 2 2
1423.8364 1424.5712 2 2
1424.3521 1424.7632 1 1
1424.2963 1424.7798 1 3
1424.9621 1425.2881 1 1
1424.2963 1425.3175 2 3
1424.2963 1425.8129 3 3
1427.1378 1427.6754 1 1
1428.2093 1428.6595 1 1
1430.4629 1431.4940 1 2
1430.4629 1431.8103 2 2
1431.5970 1431.9219 1 2
1431.5970 1432.2451 2 2
1431.9800 1432.4705 1 2
1431.9800 1432.7905 2 2
1433.0160 1433.3226 1 1
1433.9976 1434.5246 1 1
1434.2463 1434.5921 1 2
1434.6399 1435.0262 1 2
1434.2463 1435.1257 2 2
1434.7020 1435.7036 1 1
1434.6399 1435.7449 2 2
1433.4429 1435.7614 1 2
1435.4103 1436.0044 1 1
1433.4429 1436.0638 2 2
1437.2396 1437.5470 1 1
1437.6940 1438.0223 1 3
1437.7141 1438.0778 1 3
1437.6940 1438.4462 2 3
1437.7141 1438.4795 2 3
1438.2370 1438.7370 1 2
1437.7141 1438.7997 3 3
1437.6940 1439.0413 3 3
1438.7898 1439.1305 1 1
1438.2370 1439.6109 2 2
1439.7629 1440.1342 1 1
1440.3570 1440.6655 1 2
1440.3570 1441.0530 2 2
1441.2199 1441.5932 1 2
1441.2199 1441.9081 2 2
1441.6352 1441.9952 1 1
1443.3163 1443.6569 1 1
1447.3390 1447.6398 1 1
1447.3222 1447.7000 1 2
1447.3222 1448.0951 2 2
1449.2038 1449.6730 1 1
1449.5059 1449.9490 1 1
1449.8371 1450.1831 1 2
1449.8371 1450.4882 2 2
1450.6645 1451.1300 1 3
1451.1445 1451.4835 1 4
1451.1445 1451.8031 2 4
1451.4832 1451.8274 1 2
1450.6645 1451.9217 2 3
1451.1445 1452.1956 3 4
1450.6645 1452.2485 3 3
1451.4832 1452.2631 2 2
1451.1445 1452.5118 4 4
1455.5469 1455.9026 1 1
1455.5194 1455.9072 1 2
1455.5194 1456.2567 2 2
1457.3257 1457.7140 1 2
1457.3257 1458.0146 2 2
1458.0212 1458.3289 1 1
1458.3981 1458.9820 1 2
1458.6483 1459.0885 1 1
1458.3981 1459.2897 2 2
1459.3158 1459.9764 1 1
1460.0398 1460.3709 1 1
1463.0902 1463.4369 1 1
1464.8959 1465.2861 1 1
1465.8282 1466.4127 1 1
1466.1857 1466.5395 1 1
1465.9209 1466.6509 1 4
1466.3369 1466.7787 1 2
1466.3369 1467.0835 2 2
1465.9209 1467.1077 2 4
1465.9209 1467.4163 3 4
1465.9209 1467.8402 4 4
1468.0059 1468.3265 1 3
1468.1788 1468.5144 1 4
1468.0059 1468.8154 2 3
1468.1788 1468.8635 2 4
1468.0059 1469.1779 3 3
1468.1788 1469.4113 3 4
1469.3335 1469.6649 1 2
1468.1788 1469.8734 4 4
1469.3335 1469.9768 2 2
1470.5022 1470.8307 1 3
1470.9306 1471.3113 1 1
1470.5022 1471.4932 2 3
1471.3315 1471.7298 1 1
1470.5022 1471.8871 3 3
1473.6763 1474.0222 1 1
1473.7559 1474.0677 1 2
1473.7481 1474.2498 1 2
1473.7559 1474.3810 2 2
1473.7481 1474.6280 2 2
1474.4088 1474.7904 1 1
1477.8180 1478.1546 1 2
1477.5200 1478.2303 1 1
1477.8180 1478.7216 2 2
1479.0348 1479.5059 1 1
1479.3457 1479.6736 1 2
1479.3457 1479.9771 2 2
1480.0485 1480.3588 1 2
1480.0485 1480.8097 2 2
1480.6609 1480.9826 1 2
1480.8350 1481.2079 1 2
1480.6609 1481.3294 2 2
1481.0828 1481.3943 1 3
1480.8350 1481.6573 2 2
1481.0828 1481.7474 2 3
1481.0828 1482.1165 3 3
1482.8677 1483.2503 1 1
1484.7321 1485.2434 1 2
1485.0515 1485.5538 1 2
1484.7321 1485.5615 2 2
1485.3099 1485.6966 1 1
1485.0515 1485.9877 2 2
1491.4997 1491.9365 1 1
1495.9438 1496.2980 1 1
1496.2700 1496.5842 1 1
1497.2188 1497.6413 1 2
1497.2188 1498.0198 2 2
1498.1608 1498.5734 1 3
1498.4102 1498.8058 1 1
1498.1608 1498.9146 2 3
1498.1608 1499.5446 3 3
1498.1608 1499.5446 4 3
