0.7346 1.1651 1 1
2.0589 2.7306 1 2
2.2632 2.8000 1 3
2.0589 3.1699 2 2
2.2632 3.3611 2 3
2.2632 3.8523 3 3
4.6009 5.0448 1 2
4.6009 5.4731 2 2
6.3181 6.7220 1 1
10.3343 10.7779 1 3
10.3343 11.3192 2 3
10.6908 11.4092 1 2
10.9370 11.5604 1 2
10.6908 12.0150 2 2
10.9370 12.1072 2 2
10.3343 12.2057 3 3
11.8800 12.4509 1 1
12.5454 13.0513 1 1
12.3352 13.1241 1 2
13.1215 13.5351 1 2
12.3352 13.6736 2 2
13.1215 14.0089 2 2
15.1710 15.6480 1 1
16.1201 16.5787 1 3
16.0539 16.7621 1 2
16.3814 16.8493 1 1
16.0539 17.2635 2 2
16.1201 17.7511 2 3
16.1201 18.1647 3 3
19.8467 20.2516 1 3
19.8467 20.8393 2 3
19.8467 21.6569 3 3
22.4088 22.8482 1 1
22.5391 23.2383 1 3
22.5391 23.6798 2 3
23.3688 23.9659 1 2
22.5391 24.4776 3 3
24.1820 24.5841 1 2
23.3688 24.6039 2 2
24.1820 25.6086 2 2
26.9478 27.5272 1 2
26.9478 27.9710 2 2
28.3037 28.9667 1 3
28.3037 29.4063 2 3
29.2366 29.6505 1 1
29.5169 30.0832 1 1
28.3037 30.1272 3 3
31.8334 32.3329 1 2
31.8334 32.7447 2 2
35.3004 35.7333 1 3
35.3004 36.1348 2 3
35.3004 36.6140 3 3
38.8525 39.2957 1 2
39.1089 39.5513 1 2
38.8525 39.8148 2 2
39.1089 39.9942 2 2
39.5642 40.1540 1 1
39.9769 40.3826 1 3
39.9769 41.1614 2 3
40.6352 41.1833 1 1
39.9769 41.8522 3 3
41.6193 42.1365 1 2
41.6193 42.8926 2 2
43.5603 43.9844 1 1
48.6286 49.0381 1 1
48.9538 49.3863 1 1
50.8800 51.5087 1 1
52.7601 53.1641 1 2
52.7601 53.6776 2 2
53.0319 53.7274 1 1
52.8729 54.7387 1 1
54.5870 54.9945 1 1
54.5030 54.9967 1 1
55.0867 55.7519 1 1
56.5579 57.0772 1 1
57.5274 57.9416 1 2
57.5274 58.3530 2 2
59.0122 59.8071 1 2
59.0122 60.3558 2 2
60.2175 60.8804 1 2
60.2175 61.6117 2 2
61.2165 61.7262 1 1
61.9758 62.4684 1 1
62.1069 62.5767 1 3
62.1069 63.0227 2 3
62.1069 63.4935 3 3
63.2713 63.8830 1 2
63.2713 64.4035 2 2
64.1750 64.9315 1 1
64.6125 65.0854 1 1
66.4623 66.9847 1 1
66.5613 67.0932 1 1
66.7830 67.2997 1 1
69.3175 69.8832 1 2
69.3175 70.3154 2 2
72.2071 72.6982 1 2
72.5130 72.9725 1 2
72.2071 73.1110 2 2
72.5130 73.4567 2 2
73.6906 74.2315 1 2
73.6906 75.1758 2 2
77.0484 77.5683 1 3
77.1968 77.7299 1 2
77.1968 78.1384 2 2
77.0484 78.1584 2 3
77.8848 78.3198 1 3
77.0484 78.6478 3 3
77.8848 78.7746 2 3
77.8848 79.2548 3 3
80.8171 81.2225 1 1
81.6324 82.0500 1 1
81.9630 82.4018 1 1
83.0542 83.5369 1 3
82.4526 83.5584 1 2
83.0542 83.9626 2 3
82.4526 84.0072 2 2
83.0542 84.4864 3 3
84.7047 85.1442 1 1
89.3181 89.7455 1 3
89.7675 90.1683 1 1
89.3181 90.2378 2 3
89.3181 90.6384 3 3
90.2507 90.6800 1 3
90.2981 90.7483 1 1
90.2507 91.0843 2 3
90.2507 91.4976 3 3
91.2748 91.9107 1 1
91.6535 92.1633 1 1
92.0715 92.5627 1 1
92.8779 93.3196 1 1
93.3100 94.1713 1 1
95.3533 95.8155 1 3
95.3533 96.2261 2 3
95.3533 96.7523 3 3
96.9677 97.3817 1 2
96.9677 97.8332 2 2
98.2632 98.7529 1 1
99.3441 100.0673 1 2
99.3441 100.5532 2 2
101.4654 102.0308 1 2
101.7285 102.1450 1 1
102.7608 103.1992 1 1
102.7847 103.2463 1 1
103.1331 103.6670 1 1
101.4654 103.6697 2 2
103.4039 103.8692 1 2
103.4039 104.6592 2 2
104.1046 104.6766 1 1
104.3322 104.8549 1 2
104.3322 105.2995 2 2
104.4868 105.3160 1 2
104.4868 106.2866 2 2
107.7037 108.3579 1 1
109.0499 109.4501 1 2
109.0499 109.9841 2 2
110.2546 110.6607 1 1
110.6323 111.0679 1 3
110.6323 111.4749 2 3
110.6323 111.9961 3 3
113.3109 113.8681 1 1
114.8377 115.2518 1 3
114.8377 115.7112 2 3
115.3886 115.8449 1 2
114.8377 116.1872 3 3
115.3886 116.2599 2 2
118.6817 119.1488 1 1
121.1019 121.5116 1 3
120.9778 121.5730 1 2
121.1019 121.9649 2 3
120.9778 121.9815 2 2
121.1019 122.8660 3 3
123.8759 124.3307 1 3
123.8630 124.4114 1 2
123.8759 124.8481 2 3
123.8630 124.9647 2 2
123.8759 125.2492 3 3
125.1621 125.6961 1 3
125.3619 126.0844 1 1
125.1621 126.5004 2 3
125.1621 127.0249 3 3
126.9775 127.5553 1 1
127.3372 127.7522 1 2
127.7278 128.1357 1 1
127.3372 128.5299 2 2
129.4799 129.9774 1 3
129.4799 130.3953 2 3
129.4799 130.7967 3 3
132.1578 132.6256 1 3
132.1578 133.0677 2 3
132.1578 133.5514 3 3
133.3497 133.8612 1 1
133.8895 134.2947 1 1
134.2394 134.6547 1 2
134.2394 135.1600 2 2
135.0154 135.4664 1 1
136.5304 137.1114 1 3
136.5304 137.6523 2 3
137.5624 138.1227 1 1
136.5304 138.3345 3 3
138.5014 138.9710 1 2
138.5014 139.5215 2 2
140.0664 140.5050 1 1
140.0974 140.5415 1 2
140.3730 140.8466 1 1
140.0974 141.1654 2 2
145.1119 145.7440 1 2
145.1119 146.3994 2 2
145.8187 146.5168 1 1
148.8341 149.6476 1 2
148.8341 150.1175 2 2
153.3255 153.7719 1 3
153.3255 154.2852 2 3
153.3255 154.7419 3 3
156.2970 156.8171 1 1
156.9114 157.4787 1 1
157.4838 158.0419 1 1
158.4684 158.9258 1 2
158.4684 159.3472 2 2
160.2999 160.7697 1 2
160.2999 161.1877 2 2
160.4411 161.1928 1 2
160.4411 161.6444 2 2
166.8987 167.3184 1 1
167.7735 168.1764 1 1
169.8159 170.3540 1 2
169.8159 170.8882 2 2
171.5563 172.0069 1 1
172.0051 172.4137 1 3
172.0051 172.8787 2 3
172.0051 173.3237 3 3
174.4702 175.0227 1 1
178.1577 178.6796 1 2
178.1577 179.1350 2 2
179.1020 179.5311 1 1
180.6545 182.0711 1 1
182.9387 183.4142 1 2
182.9387 183.9722 2 2
183.5649 183.9826 1 2
183.6930 184.0963 1 3
183.7437 184.4317 1 1
183.5649 184.4663 2 2
183.6930 184.5854 2 3
184.7894 185.1940 1 1
183.6930 185.6196 3 3
185.9155 186.3191 1 2
185.9593 186.3797 1 2
185.9155 186.7793 2 2
185.9593 186.7824 2 2
186.6244 187.2231 1 1
187.5048 187.9814 1 1
187.8614 188.3024 1 1
187.9867 188.7592 1 3
187.9867 189.1735 2 3
188.8656 189.3110 1 1
187.9867 190.1494 3 3
190.2543 191.0027 1 1
195.6465 196.1673 1 1
196.1763 196.8363 1 1
196.7513 197.1921 1 2
196.6430 197.9470 1 1
196.7513 198.2038 2 2
200.5263 200.9869 1 1
202.3065 202.7662 1 3
202.5563 202.9759 1 1
202.3065 203.2167 2 3
202.9032 203.4069 1 2
202.3065 203.7165 3 3
202.9032 203.9068 2 2
204.6241 205.2268 1 3
205.0904 205.5337 1 2
204.6241 205.8946 2 3
205.0904 205.9695 2 2
204.6241 206.3667 3 3
207.1605 207.5860 1 2
207.1605 207.9929 2 2
208.4610 208.9119 1 1
208.8359 209.2736 1 1
210.8062 211.2580 1 3
210.8543 211.3273 1 2
210.6651 211.7199 1 2
210.8062 211.7707 2 3
210.8543 211.8572 2 2
210.8062 212.1882 3 3
210.6651 212.2249 2 2
212.6829 213.1674 1 2
212.6829 213.6307 2 2
213.6854 214.2142 1 1
212.8209 214.5340 1 2
214.3747 214.8836 1 1
212.8209 215.2676 2 2
215.6914 216.1532 1 3
215.6261 216.1537 1 2
215.6914 216.5579 2 3
215.6261 216.5803 2 2
215.6914 217.0389 3 3
216.9673 217.4676 1 1
219.5935 220.0241 1 2
219.8459 220.6404 1 1
219.5935 221.0584 2 2
221.0467 221.6235 1 2
221.0467 222.1208 2 2
222.0593 222.7757 1 1
223.3785 223.7948 1 1
224.7223 225.3475 1 2
224.7223 225.7630 2 2
225.7742 226.4026 1 1
226.5257 226.9644 1 2
226.5257 227.6924 2 2
230.2647 230.7424 1 3
230.2864 230.9931 1 1
230.1769 231.0886 1 2
230.1769 231.5074 2 2
230.2647 231.9834 2 3
231.6397 232.1553 1 1
230.2647 232.4665 3 3
232.0884 232.5460 1 1
232.1237 232.5957 1 3
232.1237 233.0225 2 3
232.6157 233.0756 1 3
232.6157 233.5664 2 3
232.1237 233.6252 3 3
232.6157 234.0519 3 3
234.0332 234.5448 1 2
234.0332 235.2544 2 2
236.9862 238.2226 1 3
236.9862 238.6871 2 3
236.9862 239.3480 3 3
239.3485 239.9532 1 2
239.3485 240.4635 2 2
239.5943 240.5710 1 2
239.5943 240.9974 2 2
241.9926 242.4060 1 1
242.8233 243.5164 1 2
242.8233 243.9883 2 2
244.7656 245.4495 1 1
248.1922 248.9499 1 3
248.1922 249.3574 2 3
249.0354 249.5095 1 2
249.0354 250.0001 2 2
248.1922 250.0966 3 3
251.0844 251.6144 1 2
251.0844 252.4574 2 2
253.8358 254.2380 1 1
256.2065 256.6878 1 1
259.0851 259.6429 1 1
259.0993 259.6764 1 1
259.2453 259.8056 1 1
263.0638 263.4806 1 3
263.0638 263.9234 2 3
263.0638 264.3776 3 3
264.3794 265.0170 1 2
264.3794 265.4562 2 2
265.2171 265.6451 1 1
265.7203 266.7062 1 1
267.7097 268.1107 1 1
270.8132 271.4752 1 2
270.8132 271.9171 2 2
271.7400 272.1416 1 3
270.0108 272.3152 1 2
271.7400 272.7280 2 3
270.0108 272.8675 2 2
271.7400 273.3964 3 3
274.8006 275.2186 1 3
274.6403 275.2284 1 1
274.8006 275.8154 2 3
274.8006 276.4233 3 3
276.5189 277.0626 1 3
276.6683 277.1932 1 1
276.5189 277.6684 2 3
276.5189 278.3510 3 3
278.0850 278.4957 1 3
278.0850 278.9799 2 3
278.0850 279.3893 3 3
280.1011 280.5656 1 1
280.2232 280.6876 1 3
280.2232 281.0955 2 3
280.2232 281.5477 3 3
285.2887 285.7023 1 1
285.8895 286.5307 1 3
285.8895 287.4601 2 3
285.8895 287.8687 3 3
290.2593 291.2302 1 3
290.2593 291.7243 2 3
290.2593 292.1672 3 3
292.4423 292.8515 1 3
292.5555 293.1236 1 2
292.4423 293.3393 2 3
292.5555 293.5295 2 2
292.4423 293.9679 3 3
293.7570 294.1657 1 1
296.8807 297.3441 1 1
297.6847 298.1268 1 1
298.4071 298.8385 1 1
298.5540 298.9936 1 2
298.5540 299.6303 2 2
299.7983 300.6508 1 1
301.0737 301.5377 1 3
301.8015 302.2827 1 2
301.0737 302.3240 2 3
301.8015 302.7131 2 2
301.0737 302.7709 3 3
304.3581 304.8939 1 3
304.3581 306.0998 2 3
304.3581 306.6208 3 3
308.4311 308.8851 1 1
312.4334 312.9724 1 3
312.4334 313.3877 2 3
312.4334 314.1366 3 3
314.9970 315.4855 1 3
314.9970 315.9599 2 3
314.9970 316.4744 3 3
321.7545 322.2838 1 1
322.6981 323.1067 1 2
322.6981 323.6619 2 2
323.8474 324.2803 1 2
323.8474 324.8523 2 2
325.5213 326.1768 1 1
326.8368 327.4740 1 2
326.8368 327.9773 2 2
330.0478 330.5412 1 1
330.4294 330.8474 1 1
333.8414 334.4542 1 1
335.1311 335.5690 1 1
335.3929 335.8796 1 1
335.9753 336.4154 1 1
336.0875 336.5043 1 3
336.0875 337.0355 2 3
336.0875 337.4419 3 3
342.7462 343.3397 1 2
342.7462 343.7858 2 2
343.8493 344.2493 1 3
343.8493 344.7401 2 3
343.8493 345.1456 3 3
345.9839 346.4226 1 1
346.2378 346.8058 1 1
348.8784 349.2858 1 2
348.8784 349.9603 2 2
350.8755 351.2759 1 1
351.6338 352.0676 1 1
354.7538 355.1663 1 1
354.7229 355.3112 1 2
354.7229 355.7571 2 2
356.9141 357.3686 1 2
356.9141 357.8063 2 2
357.1684 357.8469 1 2
357.1684 358.2923 2 2
357.8357 358.4595 1 1
360.7014 361.4566 1 1
361.6476 362.1182 1 2
362.0675 362.5255 1 1
361.6476 362.9139 2 2
364.3913 365.4260 1 1
376.5296 376.9405 1 3
376.5296 377.4979 2 3
376.5296 377.9838 3 3
377.7974 378.2576 1 1
382.0446 382.5771 1 2
382.4711 382.8716 1 3
382.0446 383.1434 2 2
382.6551 383.2024 1 1
382.4711 383.2930 2 3
382.4711 383.8645 3 3
384.0954 385.1469 1 1
385.4713 386.0734 1 1
386.0930 387.0386 1 1
387.4136 387.9792 1 1
389.4263 389.8689 1 2
389.4263 390.2818 2 2
392.0264 392.6444 1 1
393.1570 393.6944 1 2
393.1570 394.1001 2 2
393.9385 394.3929 1 3
393.9734 394.4437 1 3
393.9734 394.9201 2 3
393.9734 395.3478 3 3
393.9385 395.3745 2 3
395.3878 395.8440 1 2
393.9385 395.8622 3 3
395.7323 396.1385 1 1
395.3878 396.3186 2 2
395.7498 396.4509 1 2
395.7498 396.9174 2 2
396.8975 397.5527 1 2
397.6485 398.0767 1 1
396.8975 398.2409 2 2
398.3010 398.8443 1 1
400.3790 400.8592 1 3
400.3790 401.5925 2 3
400.3790 402.0213 3 3
401.6510 402.2039 1 1
406.1495 406.6722 1 1
409.2846 409.7267 1 1
409.6873 410.1045 1 1
414.9079 415.4485 1 3
415.4453 415.9830 1 2
414.9079 416.0354 2 3
415.8321 416.4036 1 2
415.4453 416.4447 2 2
415.9935 416.7873 1 1
416.1900 416.8443 1 1
414.9079 416.8905 3 3
415.8321 417.2135 2 2
417.4157 417.8717 1 1
417.9312 418.3381 1 1
418.9083 419.3221 1 1
419.1775 419.6696 1 2
419.2284 419.8983 1 1
419.6234 420.0251 1 2
419.1775 420.1068 2 2
419.7361 420.3482 1 1
419.6234 420.4835 2 2
420.4705 420.8728 1 1
421.0258 421.4413 1 1
422.6120 423.0779 1 3
422.6120 423.5635 2 3
422.6120 424.0273 3 3
424.4664 424.9630 1 3
424.5863 425.0644 1 3
424.4664 425.4809 2 3
424.4664 425.8820 3 3
424.5863 426.0943 2 3
424.5863 426.5874 3 3
428.4199 428.9726 1 1
428.7971 429.2422 1 1
430.8419 431.4536 1 2
431.1276 431.6213 1 1
430.8419 432.0646 2 2
431.9864 433.1477 1 3
432.6318 433.2406 1 1
431.9864 433.5633 2 3
431.9864 433.9653 3 3
434.4696 435.1097 1 1
434.8051 435.2200 1 1
438.0594 438.4963 1 1
439.0897 439.4917 1 2
439.0897 439.9334 2 2
439.7916 440.4027 1 1
440.1707 440.6634 1 1
440.7641 441.2161 1 1
441.2096 441.6664 1 1
441.6968 442.0969 1 2
441.6968 442.5398 2 2
444.3263 444.8647 1 3
444.3263 446.0020 2 3
445.9079 446.3107 1 3
444.3263 446.6860 3 3
445.9079 447.0798 2 3
446.9258 447.5426 1 2
445.9079 447.6989 3 3
446.9258 448.0191 2 2
447.8306 448.2930 1 1
449.7305 450.1739 1 2
449.9109 450.3417 1 1
449.7305 450.5818 2 2
450.4788 450.9125 1 1
451.6746 452.1579 1 3
451.6746 452.7506 2 3
451.6746 453.2311 3 3
457.2290 457.6358 1 1
458.0208 458.5215 1 2
457.6072 458.5953 1 3
458.4293 458.9306 1 2
457.8031 459.3561 1 1
458.0208 459.6194 2 2
458.4293 459.8116 2 2
457.6072 459.8362 2 3
457.6072 460.4569 3 3
461.1807 461.6110 1 3
461.1807 462.0367 2 3
461.1807 462.4544 3 3
462.0519 462.5802 1 2
462.0519 463.1978 2 2
467.3549 467.8668 1 2
467.3549 468.2854 2 2
467.9562 468.6002 1 1
471.0705 471.6043 1 2
471.0705 472.0646 2 2
471.5140 472.0651 1 1
472.8512 473.2871 1 2
472.8512 473.7386 2 2
474.1002 474.9161 1 2
474.5542 475.0338 1 2
474.1002 475.3573 2 2
474.8579 475.4264 1 1
474.5542 475.7856 2 2
475.5650 475.9724 1 1
475.9411 476.3597 1 2
475.9411 476.7606 2 2
477.0603 477.5921 1 1
478.1579 478.6319 1 1
478.9476 479.3644 1 1
479.2052 479.6930 1 2
479.0203 480.0093 1 3
479.2052 480.2467 2 2
479.0203 480.5055 2 3
479.0203 480.9385 3 3
484.5639 484.9730 1 1
486.6811 487.1196 1 1
488.1072 488.7472 1 1
489.4317 489.9086 1 2
489.4317 490.4100 2 2
490.1425 490.6128 1 2
490.1425 491.0180 2 2
493.5557 493.9769 1 1
498.5615 499.0349 1 1
500.1243 500.5521 1 1
500.4320 500.8379 1 2
500.4320 501.5176 2 2
502.0077 503.2525 1 2
502.0077 503.8800 2 2
504.5585 505.2514 1 1
506.4575 506.8905 1 1
506.6762 507.6842 1 1
508.7115 509.1373 1 3
508.7115 510.0866 2 3
509.7643 510.3350 1 1
508.7115 511.8858 3 3
512.4719 513.7158 1 2
512.4719 514.2247 2 2
514.6859 515.1218 1 2
514.6859 515.5931 2 2
515.3130 515.8303 1 1
515.7919 516.2007 1 1
516.8100 517.3383 1 1
519.6527 520.8973 1 2
520.6736 521.3006 1 2
519.6527 521.3221 2 2
520.6736 522.0913 2 2
522.1666 523.0767 1 2
522.1666 524.0810 2 2
525.5043 525.9980 1 2
526.0777 526.6771 1 1
525.5043 527.1778 2 2
527.9691 528.3897 1 3
527.9691 528.8711 2 3
527.9691 529.4456 3 3
529.0386 529.4724 1 2
529.0386 530.0083 2 2
531.4005 531.9480 1 1
531.8497 532.2705 1 3
531.8497 532.7779 2 3
531.8497 533.3879 3 3
533.5442 534.0315 1 2
533.5442 534.4329 2 2
534.5160 534.9171 1 2
534.5160 535.3709 2 2
537.5805 538.4228 1 2
537.5805 538.8536 2 2
539.7911 540.3243 1 3
539.7911 540.7541 2 3
539.7911 541.2010 3 3
542.0112 542.6964 1 2
542.6147 543.0263 1 1
542.0112 543.2772 2 2
542.8549 543.3242 1 1
544.4377 544.8411 1 3
544.4377 545.3235 2 3
544.4377 545.8690 3 3
545.9191 546.3338 1 1
547.0415 547.4824 1 1
547.5697 548.0321 1 1
550.4751 551.2968 1 1
551.1856 552.8542 1 2
551.1856 553.2595 2 2
555.1147 555.7168 1 3
555.1147 556.1736 2 3
555.1147 556.6349 3 3
556.1764 556.7737 1 1
557.4563 558.2749 1 1
559.8118 560.7582 1 1
561.0911 561.6026 1 3
561.0911 562.0564 2 3
561.0911 562.6791 3 3
564.7624 565.1968 1 2
565.0008 565.4549 1 1
564.7624 565.7039 2 2
566.2924 566.8353 1 3
566.2924 567.2679 2 3
566.2924 567.6930 3 3
568.0512 568.8692 1 3
568.0512 569.2817 2 3
568.0512 569.7709 3 3
572.0448 572.4743 1 3
572.2046 572.6273 1 3
572.0448 572.8789 2 3
572.0448 573.2831 3 3
572.2046 573.3388 2 3
572.2046 573.7786 3 3
575.0506 575.9945 1 1
578.0710 578.5840 1 2
578.0710 579.0553 2 2
579.1754 579.6879 1 1
579.8833 580.3757 1 3
580.3573 580.8103 1 2
579.8833 580.9762 2 3
580.3642 581.2873 1 2
579.8833 581.4160 3 3
580.3573 581.5700 2 2
581.0142 581.7546 1 2
580.3642 582.1726 2 2
581.0142 582.3714 2 2
584.4655 584.9467 1 1
585.0133 585.5002 1 2
585.0133 585.9273 2 2
585.8878 586.4043 1 3
585.8878 586.8285 2 3
586.8632 587.2715 1 1
585.8878 587.2773 3 3
586.6308 587.3253 1 3
586.6308 587.7527 2 3
586.6308 588.1613 3 3
587.5965 588.4935 1 1
588.2845 588.7741 1 1
589.6710 590.1359 1 2
589.6710 590.7797 2 2
590.9161 591.5864 1 3
590.9161 592.0353 2 3
590.9161 592.5962 3 3
594.8557 595.4653 1 1
595.4989 596.0409 1 2
595.4989 596.4601 2 2
602.2707 602.9967 1 3
602.2707 603.4958 2 3
602.2707 603.9356 3 3
603.4943 603.9629 1 2
603.4943 604.3673 2 2
605.1108 605.5268 1 2
605.1108 606.1322 2 2
607.9131 608.3131 1 2
608.1724 608.6664 1 2
607.9131 608.7797 2 2
608.1724 609.0729 2 2
609.0027 609.4331 1 2
609.0027 609.8768 2 2
608.9090 610.0326 1 1
609.8899 610.3336 1 2
609.8899 610.7646 2 2
610.6814 611.0816 1 3
610.6814 611.6626 2 3
611.7550 612.1851 1 2
611.9967 612.5857 1 2
610.6814 612.7213 3 3
611.7550 612.7309 2 2
611.9967 613.2715 2 2
616.3962 616.8641 1 1
616.8057 617.2492 1 1
617.5483 617.9959 1 1
617.7432 618.3144 1 1
619.2963 619.9459 1 2
619.5847 620.0413 1 3
619.2963 620.3694 2 2
619.5847 620.8179 2 3
619.5847 621.4577 3 3
621.0885 621.6858 1 1
621.3795 621.9190 1 3
621.7649 622.1744 1 1
620.9625 622.2869 1 1
621.3795 622.4353 2 3
622.0937 622.6751 1 2
621.3795 622.9802 3 3
622.0937 623.2445 2 2
624.8939 625.3154 1 2
624.8939 625.9324 2 2
625.6494 626.1632 1 2
625.9759 626.3809 1 1
625.6494 627.1170 2 2
628.8384 629.2753 1 1
628.9406 629.4609 1 2
628.9736 629.5458 1 2
628.9406 629.9032 2 2
628.9736 630.1465 2 2
630.0365 630.4491 1 1
632.9777 633.4692 1 2
632.9777 633.9593 2 2
633.5997 634.0560 1 1
634.1959 635.0616 1 2
634.6297 635.1925 1 1
634.1959 635.7224 2 2
635.3694 635.9416 1 3
635.3694 636.4190 2 3
636.1564 636.7178 1 1
635.3694 637.2451 3 3
639.9030 640.4838 1 1
640.1240 640.8279 1 1
641.1325 641.5708 1 1
643.6081 644.0577 1 3
643.5781 644.2182 1 3
643.5781 644.6438 2 3
643.5781 645.0953 3 3
644.5851 645.1500 1 1
643.6081 645.2562 2 3
645.0052 645.6749 1 1
643.6081 645.9528 3 3
647.1617 647.6681 1 2
647.1617 648.5944 2 2
648.3243 648.8108 1 3
648.3243 649.2695 2 3
648.7092 649.3308 1 2
648.3243 649.6903 3 3
648.7092 649.9150 2 2
651.5232 651.9827 1 1
652.5439 652.9468 1 1
653.5575 654.2316 1 2
653.5575 654.6329 2 2
656.0648 656.6310 1 1
656.0784 657.1704 1 2
656.0784 657.6419 2 2
658.8326 659.2644 1 1
660.2077 660.7746 1 2
660.2077 661.4246 2 2
661.7329 662.2342 1 1
664.7135 665.7739 1 2
665.3496 665.8385 1 1
665.4150 665.9895 1 2
664.7135 666.1800 2 2
665.4150 666.6949 2 2
667.0340 667.4572 1 1
668.1180 668.7516 1 2
668.7307 669.1928 1 2
668.1180 669.2549 2 2
668.7307 669.6093 2 2
669.2850 669.9943 1 2
669.7945 670.2392 1 2
669.2850 670.4143 2 2
669.7945 670.6804 2 2
670.6864 671.4051 1 2
670.6864 671.9555 2 2
674.6123 675.2428 1 3
674.9634 675.4731 1 1
674.6123 675.6772 2 3
675.3134 675.9803 1 3
675.3869 676.0241 1 1
674.6123 676.2065 3 3
675.3134 676.7665 2 3
676.6132 677.0193 1 1
675.3134 677.1679 3 3
678.5002 679.0023 1 1
678.5926 679.0333 1 1
679.5840 680.0281 1 2
679.5840 680.4811 2 2
680.4011 680.9290 1 2
680.4011 681.3783 2 2
682.5263 683.1094 1 2
682.5263 683.5733 2 2
684.2817 684.6898 1 2
684.2817 685.3094 2 2
685.4004 685.8407 1 1
685.5245 685.9948 1 1
685.7496 686.3062 1 1
686.6615 687.1104 1 1
687.6113 688.0180 1 1
689.6022 690.0594 1 1
691.1963 692.1098 1 2
691.1963 692.6461 2 2
693.9084 694.4582 1 2
693.9084 694.9906 2 2
694.7449 695.1711 1 3
694.7449 695.6381 2 3
694.7449 696.2331 3 3
700.1608 700.5732 1 3
700.2228 700.6930 1 2
700.1608 701.0122 2 3
700.1608 701.4509 3 3
700.2228 701.9227 2 2
703.9559 704.3640 1 1
704.9754 705.4683 1 2
704.9754 705.8915 2 2
705.5349 705.9985 1 1
705.0282 706.1246 1 2
705.0282 706.5386 2 2
710.9654 711.5518 1 1
711.9564 712.5231 1 3
711.9564 712.9911 2 3
711.9564 713.4428 3 3
714.7602 715.2226 1 1
717.0096 717.4463 1 2
717.0096 717.8734 2 2
718.0557 718.5387 1 2
718.2145 718.6552 1 1
718.0557 718.9761 2 2
719.6093 720.1522 1 1
721.7058 722.2269 1 1
721.2644 722.3390 1 1
723.8460 724.2552 1 1
725.0985 725.5076 1 3
725.0985 726.4568 2 3
725.0985 726.8992 3 3
726.5494 726.9606 1 1
726.5800 727.0993 1 2
726.6124 727.4385 1 1
726.5800 727.6282 2 2
727.7504 728.1876 1 3
727.7504 728.5893 2 3
727.7504 729.6319 3 3
730.2184 730.6528 1 1
730.8941 731.4460 1 1
731.6475 732.2153 1 3
731.6475 732.7388 2 3
731.6475 733.1841 3 3
732.9736 733.4114 1 3
732.9736 733.9302 2 3
732.9736 734.6407 3 3
739.2309 740.1554 1 1
740.0239 740.4369 1 3
740.0239 740.8566 2 3
740.0239 741.7715 3 3
741.7868 742.3724 1 1
741.9319 742.6703 1 1
742.3685 742.7952 1 1
742.7049 743.2200 1 1
742.7257 743.2905 1 2
742.7257 743.8445 2 2
743.5966 744.0612 1 1
745.0786 745.4804 1 1
748.7650 749.2785 1 2
748.9030 749.3776 1 2
748.7650 749.7133 2 2
748.9030 750.3643 2 2
751.6840 752.1466 1 1
752.6552 753.3302 1 2
752.9111 753.4613 1 1
752.6552 753.7548 2 2
753.3226 754.4980 1 2
753.3226 754.9105 2 2
754.9386 755.3396 1 2
754.9386 755.8101 2 2
755.9432 756.3545 1 3
756.1833 756.6540 1 1
756.4375 756.8732 1 1
755.9432 756.9478 2 3
757.0715 757.5422 1 1
755.9432 757.7556 3 3
761.1127 761.6902 1 1
765.0952 765.4962 1 1
765.3938 765.9097 1 3
765.3938 766.4344 2 3
765.3938 766.9690 3 3
767.2495 767.6825 1 1
767.4894 768.0614 1 1
767.8672 768.2783 1 2
767.8672 768.7045 2 2
768.8168 769.5455 1 1
770.0239 770.6109 1 2
770.0239 771.0124 2 2
772.4941 772.9281 1 1
772.6676 773.0961 1 1
777.3963 777.8341 1 1
779.8941 780.3280 1 1
781.0290 781.4364 1 3
781.0290 781.9132 2 3
781.6457 782.1679 1 1
781.0290 782.4963 3 3
782.0358 782.5862 1 2
782.0358 782.9960 2 2
783.0269 783.9765 1 1
783.3184 783.9918 1 1
783.4316 784.0698 1 3
783.4316 784.7259 2 3
784.4580 784.9587 1 1
783.4316 785.5907 3 3
785.6634 786.0898 1 2
785.6634 786.6159 2 2
786.3004 786.8901 1 3
786.3004 787.4765 2 3
787.4911 787.8993 1 2
786.3004 787.9702 3 3
787.4911 788.3560 2 2
790.1309 790.9563 1 3
790.1309 791.4704 2 3
790.1309 791.9692 3 3
791.7194 792.1569 1 1
794.7517 795.2078 1 1
797.3650 798.1273 1 1
799.0017 799.5491 1 2
799.0017 800.1716 2 2
800.9608 801.4364 1 3
800.9608 801.9679 2 3
800.9608 802.4019 3 3
803.5701 804.0392 1 2
803.5253 804.0925 1 1
803.7758 804.3154 1 1
803.5701 804.5119 2 2
805.5186 806.3970 1 2
805.5186 806.8046 2 2
807.5736 808.2315 1 1
808.6313 809.0728 1 3
809.0170 809.4601 1 2
808.6313 809.5458 2 3
808.6313 809.9484 3 3
809.0170 809.9485 2 2
814.5852 814.9918 1 1
815.0087 815.4938 1 1
816.2690 816.6820 1 1
816.1026 816.9479 1 1
817.4092 818.0138 1 1
818.0574 818.5224 1 3
818.0574 819.0647 2 3
818.0574 819.5006 3 3
821.8435 822.2638 1 2
821.8435 822.6843 2 2
825.1138 825.5222 1 2
825.2143 825.7607 1 1
825.1138 825.9464 2 2
826.7738 827.5099 1 3
826.7738 828.1568 2 3
827.7917 828.2053 1 2
827.7917 828.6462 2 2
826.7738 828.7133 3 3
829.0386 829.4833 1 1
831.4130 831.8473 1 2
831.4130 832.3391 2 2
836.8051 837.3031 1 2
837.0083 837.4614 1 1
837.0447 837.7067 1 1
836.8051 837.7568 2 2
837.4931 838.1173 1 1
839.4745 839.9188 1 1
840.3187 841.1244 1 3
840.3187 842.0816 2 3
840.3187 842.5294 3 3
847.6598 848.1131 1 3
847.6598 848.6023 2 3
848.4522 849.1790 1 2
847.6598 849.5007 3 3
848.4522 849.5915 2 2
850.3647 850.8259 1 1
850.7224 851.2260 1 1
852.0605 852.5490 1 2
852.0605 852.9744 2 2
852.5130 853.2128 1 2
852.7659 853.4386 1 1
852.5130 853.7652 2 2
856.5687 857.2684 1 2
856.5687 857.8617 2 2
857.9089 858.3808 1 3
858.3280 858.8788 1 1
857.9089 858.9045 2 3
857.9089 859.3250 3 3
859.1485 859.5718 1 1
859.5846 859.9991 1 1
859.5457 860.1067 1 2
859.5457 860.5377 2 2
860.2357 860.6568 1 1
861.2018 861.6020 1 1
861.5202 862.0949 1 1
863.7820 864.3650 1 2
863.7820 864.8568 2 2
866.5155 866.9362 1 2
866.5155 867.3463 2 2
867.9553 868.3575 1 1
867.9948 868.4161 1 3
867.9948 869.1693 2 3
867.9948 869.6022 3 3
869.4632 869.9164 1 3
869.4632 870.3294 2 3
869.4632 870.7591 3 3
870.4342 870.9273 1 3
870.5930 870.9999 1 1
870.4342 871.4499 2 3
871.3981 871.8590 1 1
870.4342 871.8834 3 3
872.2256 872.6573 1 3
872.2256 873.0867 2 3
873.2417 873.7676 1 2
872.2256 874.0891 3 3
873.2417 874.2724 2 2
875.2425 875.7089 1 1
876.0140 876.4834 1 1
876.0999 876.5996 1 1
876.9534 877.5157 1 3
877.4342 877.9218 1 2
876.9534 878.0811 2 3
877.4342 878.3873 2 2
876.9534 878.5032 3 3
880.3159 880.8479 1 1
880.4648 880.9619 1 2
880.2565 880.9738 1 1
880.4648 881.3761 2 2
885.8227 886.3445 1 3
885.8227 886.7590 2 3
886.6507 887.0687 1 1
885.8227 887.2089 3 3
888.3637 888.8248 1 3
888.3502 888.9103 1 2
888.3502 889.3375 2 2
888.3637 889.5878 2 3
889.2951 889.7849 1 1
888.3637 890.0148 3 3
889.8024 890.2696 1 2
890.0828 890.4911 1 2
889.8967 890.5238 1 1
889.8024 890.6717 2 2
890.0828 890.9717 2 2
891.6970 892.2030 1 2
892.1611 892.5622 1 2
892.0275 892.5858 1 2
891.6970 892.7337 2 2
892.0275 893.0206 2 2
892.1611 893.1397 2 2
893.8892 894.3872 1 1
897.0570 897.7276 1 3
897.0570 898.3820 2 3
897.9608 898.4444 1 2
897.9608 898.8936 2 2
897.0570 899.0613 3 3
900.9113 901.5374 1 1
903.2462 903.7211 1 2
903.2462 904.1449 2 2
905.4095 906.1039 1 2
905.4095 906.8416 2 2
908.0484 908.5270 1 1
910.3803 910.7893 1 3
910.3803 911.2496 2 3
910.3803 911.8863 3 3
911.7534 912.5296 1 3
911.7534 912.9565 2 3
911.7534 913.3645 3 3
913.6186 914.0792 1 3
913.8347 914.2427 1 1
913.5457 914.2742 1 1
913.6186 914.5791 2 3
914.2085 914.7819 1 1
914.8473 915.2562 1 1
913.6186 915.6492 3 3
916.7424 917.2000 1 3
916.7424 917.8370 2 3
916.7424 918.3075 3 3
917.7211 919.8623 1 2
919.4676 919.9144 1 1
917.7211 920.3678 2 2
926.3956 926.8251 1 1
928.0291 928.4816 1 2
928.0291 928.9385 2 2
929.4233 929.8315 1 1
929.4597 929.9160 1 3
929.4597 930.3941 2 3
930.2346 930.7775 1 3
929.4597 930.9712 3 3
930.2346 931.3465 2 3
930.2346 931.7475 3 3
932.1946 932.6237 1 2
932.1946 933.1688 2 2
933.0012 933.4844 1 3
933.0012 933.8850 2 3
933.6611 934.1631 1 3
933.5972 934.2081 1 1
933.0012 934.5227 3 3
933.6611 934.5710 2 3
933.6611 935.1771 3 3
934.9649 935.4787 1 2
934.9649 936.0968 2 2
936.6769 937.2725 1 2
936.6769 937.9088 2 2
939.4583 939.9511 1 1
940.2924 940.7101 1 3
940.2924 941.2597 2 3
940.2924 941.7872 3 3
941.4194 942.0086 1 1
941.7808 942.2027 1 1
943.1827 943.6083 1 1
943.3874 944.1398 1 2
943.3874 944.7341 2 2
946.8484 947.6399 1 2
947.1778 947.6964 1 2
947.4879 948.2377 1 3
947.1778 948.2382 2 2
946.8484 948.2404 2 2
947.4879 948.7498 2 3
948.5066 948.9266 1 1
947.4879 949.2822 3 3
951.0504 951.5310 1 2
951.0504 952.1043 2 2
952.0108 952.4486 1 1
953.1714 953.5981 1 3
953.1714 954.0435 2 3
953.7704 954.1990 1 3
953.1714 954.4764 3 3
953.7704 954.6675 2 3
954.2338 954.7234 1 2
954.2338 955.1479 2 2
954.7918 955.2010 1 2
953.7704 955.4580 3 3
954.9977 955.6071 1 1
954.7918 955.7632 2 2
956.0311 956.5753 1 3
955.9366 956.5913 1 1
956.0311 957.2054 2 3
956.9187 957.4789 1 1
956.0311 957.6434 3 3
959.1814 959.6180 1 1
959.5594 960.4491 1 1
961.2788 961.8129 1 3
961.5006 961.9256 1 1
961.2788 962.2603 2 3
961.2788 962.6979 3 3
963.0382 963.5996 1 1
963.9532 964.3824 1 2
963.9532 964.9004 2 2
966.4083 966.8450 1 3
966.4083 967.3903 2 3
966.4083 968.0380 3 3
969.2216 969.8365 1 1
969.4407 969.8652 1 1
969.3671 969.9691 1 1
973.2052 973.6159 1 1
973.3555 973.9192 1 1
976.9707 977.4268 1 2
976.9707 977.8971 2 2
977.8715 978.2751 1 2
978.0570 978.4609 1 2
977.8715 978.7110 2 2
978.0570 979.1926 2 2
983.2907 983.7239 1 1
986.7467 987.2516 1 3
986.7467 987.6562 2 3
986.7467 988.2038 3 3
989.6029 990.0501 1 1
990.5684 991.3362 1 3
990.5684 992.0841 2 3
990.5684 992.5317 3 3
992.0851 992.7437 1 1
992.0487 992.8231 1 2
993.6332 994.3144 1 2
993.6332 994.7485 2 2
992.0487 994.7827 2 2
995.0028 995.5142 1 1
995.1559 995.5640 1 2
995.1559 995.9755 2 2
996.2861 996.7339 1 1
995.9919 998.7879 1 1
998.8969 999.4901 1 3
998.8969 1000.1298 2 3
